Specification of which SVCs are contained in each TC
TC-ID[-]	SVC-ID[-]	fraction[-]
1	1106901	0.206
1	1106918	0.136
1	1106917	0.059
1	120318	0.048
1	120301	0.046
1	5050	0.04
1	1109901	0.039
1	116501	0.038
1	116517	0.037
1	1109918	0.035
1	1116501	0.033
1	106918	0.031
1	1116518	0.026
1	129118	0.025
1	1120801	0.018
1	109918	0.017
1	1106913	0.015
1	1090018	0.015
1	116513	0.014
1	120317	0.012
1	1120317	0.012
1	127001	0.011
1	109901	0.01
1	116518	0.009
1	1106910	0.009
1	1120318	0.009
1	106901	0.009
1	1106951	0.008
1	120316	0.008
1	106917	0.008
1	1109917	0.007
1	106916	0.006
1	120813	0.006
2	1106901	0.182
2	1106918	0.115
2	120318	0.067
2	116501	0.059
2	120301	0.052
2	1109918	0.048
2	5050	0.042
2	1106917	0.042
2	106918	0.038
2	1109901	0.035
2	106901	0.031
2	129118	0.026
2	1116501	0.025
2	127001	0.022
2	1116518	0.019
2	1120801	0.018
2	116518	0.017
2	106917	0.013
2	127018	0.013
2	116517	0.013
2	1106951	0.011
2	120317	0.011
2	1120318	0.011
2	116513	0.01
2	120316	0.009
2	1106913	0.009
2	1120818	0.009
2	1106910	0.009
2	1106916	0.008
2	120313	0.007
2	109901	0.007
2	1109917	0.006
2	109918	0.006
2	1109913	0.006
3	1106901	0.173
3	1106918	0.107
3	120318	0.094
3	1106917	0.056
3	106918	0.055
3	116501	0.044
3	116518	0.039
3	5050	0.03
3	120301	0.029
3	106917	0.027
3	1106916	0.024
3	109918	0.024
3	129118	0.023
3	1109918	0.022
3	120316	0.022
3	1116518	0.022
3	116517	0.021
3	127018	0.02
3	120317	0.017
3	1109901	0.017
3	106916	0.016
3	109901	0.015
3	106901	0.013
3	1090001	0.01
3	1120818	0.01
3	116513	0.009
3	109917	0.009
3	1109917	0.008
3	1120801	0.007
3	1106913	0.007
3	1090018	0.007
3	1109913	0.006
3	127001	0.006
3	1116501	0.006
3	1116516	0.006
4	1106901	0.104
4	120318	0.1
4	1106918	0.097
4	106918	0.074
4	1106917	0.062
4	109918	0.06
4	106917	0.049
4	116501	0.047
4	120317	0.04
4	1106916	0.036
4	116517	0.032
4	120301	0.03
4	120316	0.029
4	106916	0.029
4	116518	0.027
4	106901	0.027
4	129118	0.024
4	1090018	0.019
4	109901	0.017
4	5050	0.016
4	1116518	0.014
4	116516	0.009
4	1120801	0.009
4	1109901	0.008
4	116513	0.007
4	106913	0.007
4	1120818	0.007
4	106951	0.006
4	1116501	0.006
4	109917	0.006
5	120318	0.099
5	106918	0.094
5	109918	0.079
5	1106918	0.079
5	116501	0.077
5	1106917	0.061
5	1106901	0.06
5	1106916	0.059
5	106917	0.049
5	106916	0.046
5	120317	0.041
5	116517	0.038
5	116518	0.032
5	106901	0.028
5	120316	0.027
5	120301	0.025
5	129118	0.022
5	109917	0.016
5	1090018	0.013
5	1120301	0.012
5	1120318	0.012
5	5050	0.011
5	116516	0.009
5	120817	0.006
5	1120801	0.005
6	1116501	0.083
6	120318	0.081
6	1106918	0.074
6	116518	0.068
6	5050	0.059
6	106918	0.056
6	116501	0.056
6	120301	0.052
6	76718	0.045
6	1116518	0.036
6	106917	0.031
6	1109918	0.028
6	106916	0.024
6	120317	0.022
6	1120318	0.019
6	1106901	0.018
6	109918	0.018
6	127018	0.018
6	77218	0.017
6	1120301	0.017
6	120351	0.012
6	109901	0.012
6	1106910	0.012
6	127001	0.012
6	1116513	0.012
6	120316	0.012
6	1109901	0.011
6	1109917	0.01
6	1120801	0.009
6	129118	0.009
6	1120313	0.009
6	106901	0.009
6	116517	0.008
6	1106916	0.008
6	120818	0.008
6	1106917	0.007
6	1116517	0.007
6	76716	0.006
6	1106951	0.006
7	120318	0.117
7	116518	0.073
7	106918	0.07
7	116501	0.067
7	1116501	0.063
7	5050	0.05
7	1106918	0.047
7	76718	0.045
7	120301	0.042
7	106917	0.04
7	127018	0.034
7	1116518	0.029
7	109918	0.027
7	120317	0.026
7	1120301	0.022
7	106901	0.018
7	106916	0.018
7	77218	0.017
7	1106901	0.016
7	1120318	0.016
7	1109918	0.015
7	109901	0.014
7	129118	0.012
7	116517	0.012
7	1120313	0.011
7	1116517	0.011
7	1109917	0.009
7	1109901	0.009
7	1106917	0.008
7	116516	0.007
7	120818	0.007
7	127017	0.006
7	120316	0.006
7	109917	0.006
7	127001	0.006
7	1120801	0.006
7	1106916	0.006
7	1106910	0.006
7	1120818	0.006
8	116501	0.103
8	120318	0.103
8	106918	0.079
8	116518	0.065
8	106917	0.051
8	120317	0.042
8	76718	0.04
8	120301	0.039
8	109918	0.034
8	1116501	0.032
8	106901	0.026
8	127018	0.025
8	106916	0.023
8	5050	0.023
8	1116518	0.02
8	1106918	0.02
8	1120301	0.019
8	116551	0.018
8	116517	0.018
8	120818	0.017
8	120817	0.016
8	1106901	0.015
8	109917	0.015
8	127017	0.014
8	129118	0.013
8	83218	0.013
8	109901	0.013
8	1120318	0.012
8	1120313	0.01
8	120316	0.01
8	1109918	0.009
8	129117	0.009
8	76716	0.009
8	1106917	0.008
8	106951	0.007
8	1120316	0.006
8	1120818	0.006
8	120816	0.006
8	106913	0.006
8	1109917	0.006
9	116501	0.109
9	120318	0.104
9	106918	0.095
9	116518	0.07
9	106917	0.055
9	109918	0.047
9	120317	0.043
9	116517	0.041
9	76718	0.04
9	120301	0.035
9	106901	0.031
9	106916	0.028
9	1116501	0.024
9	120817	0.023
9	120316	0.023
9	5050	0.022
9	120818	0.022
9	1120301	0.019
9	129118	0.018
9	127018	0.018
9	83218	0.016
9	127017	0.013
9	1120318	0.013
9	109901	0.012
9	1116518	0.01
9	120801	0.01
9	116516	0.009
9	109917	0.009
9	1120313	0.008
9	76716	0.008
9	129117	0.007
9	1106901	0.007
9	1106918	0.007
9	116551	0.006
10	120318	0.108
10	116501	0.099
10	106918	0.091
10	116518	0.08
10	106917	0.065
10	109918	0.053
10	120317	0.051
10	116517	0.038
10	120301	0.037
10	76718	0.035
10	106916	0.032
10	120817	0.031
10	106901	0.026
10	120818	0.022
10	120316	0.022
10	1120301	0.021
10	129118	0.018
10	83218	0.016
10	1120318	0.015
10	1116501	0.013
10	5050	0.013
10	127018	0.012
10	109916	0.012
10	116516	0.012
10	109917	0.011
10	116551	0.011
10	76716	0.01
10	106913	0.008
10	127017	0.008
10	109901	0.008
10	129117	0.008
10	109951	0.007
10	1109918	0.006
11	116501	0.086
11	116518	0.074
11	109918	0.066
11	120301	0.06
11	129118	0.057
11	106918	0.054
11	120318	0.053
11	1116501	0.053
11	1106901	0.05
11	109917	0.041
11	1106918	0.034
11	77218	0.032
11	116517	0.03
11	129101	0.025
11	106917	0.025
11	1116518	0.019
11	120317	0.019
11	76718	0.017
11	5050	0.016
11	109901	0.016
11	106916	0.015
11	129117	0.015
11	1116517	0.013
11	127018	0.013
11	1120801	0.013
11	77210	0.01
11	1106917	0.01
11	1106913	0.01
11	129113	0.01
11	1090018	0.008
11	129116	0.008
11	120801	0.008
11	120817	0.008
11	120316	0.007
11	1090017	0.007
11	109916	0.007
11	106901	0.006
11	120818	0.006
12	116501	0.104
12	109918	0.08
12	120318	0.077
12	106918	0.072
12	120301	0.058
12	116518	0.058
12	129118	0.047
12	129117	0.042
12	106917	0.039
12	1116501	0.038
12	1106918	0.034
12	83218	0.029
12	109917	0.029
12	116517	0.026
12	106901	0.024
12	5050	0.023
12	116513	0.018
12	129101	0.018
12	1106901	0.017
12	120817	0.017
12	76718	0.017
12	1106917	0.016
12	120317	0.015
12	1116517	0.012
12	106916	0.012
12	76717	0.011
12	1109913	0.01
12	120818	0.01
12	1120801	0.009
12	120316	0.008
12	109913	0.006
12	129151	0.006
12	1109918	0.006
12	77217	0.006
12	1116518	0.006
13	116501	0.123
13	106918	0.087
13	120318	0.085
13	109918	0.076
13	129118	0.06
13	120301	0.046
13	106901	0.039
13	1106918	0.037
13	109917	0.034
13	116518	0.034
13	83218	0.033
13	116517	0.032
13	1116501	0.032
13	106917	0.032
13	129117	0.03
13	120818	0.021
13	1116517	0.02
13	5050	0.02
13	120317	0.019
13	76718	0.017
13	129101	0.016
13	76717	0.014
13	1109918	0.011
13	1106916	0.011
13	120801	0.009
13	120817	0.009
13	120316	0.008
13	129116	0.008
13	1106917	0.007
13	90018	0.007
13	1109913	0.006
13	1116513	0.006
13	1109901	0.006
13	106916	0.006
14	106918	0.109
14	116501	0.077
14	120318	0.071
14	106917	0.065
14	129118	0.057
14	109918	0.053
14	106901	0.047
14	120301	0.045
14	116518	0.045
14	129117	0.038
14	109917	0.036
14	83218	0.033
14	1116501	0.029
14	116517	0.027
14	106916	0.026
14	120317	0.026
14	120818	0.023
14	109916	0.022
14	76718	0.016
14	5050	0.016
14	120817	0.015
14	129101	0.012
14	76717	0.012
14	120801	0.011
14	1109917	0.011
14	1106918	0.01
14	120316	0.009
14	1106901	0.009
14	116516	0.008
14	1109918	0.008
14	1116518	0.007
14	106951	0.007
14	109901	0.006
14	129116	0.006
14	106913	0.006
15	106918	0.114
15	116518	0.066
15	106917	0.061
15	106916	0.06
15	120301	0.057
15	120318	0.053
15	129118	0.051
15	116501	0.051
15	109918	0.05
15	109917	0.045
15	109916	0.042
15	106901	0.036
15	120818	0.033
15	83218	0.031
15	116517	0.029
15	129117	0.027
15	120317	0.023
15	76718	0.018
15	129101	0.017
15	129116	0.016
15	120817	0.014
15	120316	0.013
15	5050	0.012
15	1106901	0.012
15	109913	0.011
15	120816	0.01
15	120801	0.01
15	116516	0.01
15	1106918	0.008
15	106951	0.008
16	120318	0.107
16	120301	0.082
16	116501	0.071
16	129118	0.065
16	109918	0.057
16	116518	0.055
16	76718	0.052
16	106918	0.05
16	116517	0.047
16	129117	0.042
16	106917	0.04
16	106901	0.039
16	1120301	0.033
16	120317	0.029
16	120316	0.026
16	5050	0.02
16	1106901	0.018
16	76716	0.018
16	1120318	0.018
16	129101	0.017
16	1116501	0.017
16	1109918	0.016
16	109917	0.015
16	120313	0.012
16	1116518	0.012
16	116516	0.008
16	1106918	0.008
16	1109913	0.008
16	1116517	0.007
16	120351	0.006
16	109916	0.006
17	120318	0.126
17	120301	0.117
17	116501	0.066
17	109918	0.066
17	116518	0.057
17	76718	0.056
17	106918	0.052
17	129118	0.051
17	129117	0.048
17	116517	0.036
17	106917	0.032
17	120317	0.026
17	129101	0.025
17	106901	0.024
17	120316	0.024
17	109917	0.02
17	1120301	0.019
17	1106901	0.019
17	1116501	0.018
17	1106918	0.017
17	76716	0.011
17	116516	0.01
17	106916	0.009
17	1106917	0.009
17	1116517	0.009
17	5050	0.008
17	1120318	0.008
17	129116	0.008
17	1106913	0.008
17	1116518	0.007
17	90018	0.006
17	106951	0.006
18	120301	0.118
18	120318	0.117
18	116518	0.068
18	106918	0.051
18	109918	0.05
18	129118	0.05
18	106917	0.046
18	76718	0.041
18	129117	0.04
18	116501	0.038
18	120317	0.032
18	120316	0.031
18	116517	0.029
18	106901	0.028
18	129101	0.026
18	1116501	0.024
18	5050	0.022
18	1106918	0.021
18	129116	0.018
18	1116517	0.017
18	1106901	0.015
18	116516	0.014
18	106916	0.014
18	109917	0.014
18	1120301	0.012
18	1106917	0.011
18	90018	0.01
18	76716	0.008
18	109951	0.007
18	1116518	0.006
18	106913	0.005
19	120318	0.141
19	120301	0.111
19	106918	0.067
19	116518	0.054
19	1116501	0.051
19	106917	0.05
19	109918	0.048
19	129117	0.047
19	120317	0.037
19	129101	0.037
19	129118	0.034
19	116517	0.033
19	106901	0.032
19	120316	0.029
19	76718	0.027
19	116501	0.025
19	116516	0.018
19	1106918	0.017
19	90018	0.017
19	106916	0.016
19	5050	0.015
19	1106901	0.014
19	129116	0.013
19	109951	0.01
19	1116517	0.009
19	109916	0.008
19	76710	0.007
20	120301	0.139
20	120318	0.103
20	1116501	0.054
20	116518	0.054
20	106918	0.052
20	109918	0.048
20	129118	0.046
20	106901	0.045
20	120317	0.044
20	129101	0.043
20	106917	0.04
20	129117	0.038
20	106916	0.034
20	120316	0.029
20	116517	0.028
20	90018	0.028
20	76718	0.026
20	116501	0.024
20	1106901	0.02
20	109916	0.018
20	1106918	0.015
20	116516	0.013
20	76710	0.008
20	5050	0.007
20	1116517	0.006
20	106910	0.005
21	76718	0.119
21	109918	0.115
21	116501	0.096
21	120318	0.069
21	106918	0.057
21	1116501	0.057
21	129118	0.049
21	116518	0.047
21	5050	0.04
21	1106901	0.04
21	120301	0.036
21	1116518	0.035
21	120317	0.035
21	1106918	0.026
21	116517	0.025
21	129117	0.022
21	109916	0.021
21	1120318	0.019
21	106916	0.018
21	116513	0.016
21	120313	0.013
21	109917	0.012
21	1120301	0.011
21	1116517	0.01
21	106901	0.006
21	106917	0.005
22	116501	0.146
22	76718	0.11
22	109918	0.077
22	120318	0.077
22	106918	0.074
22	116518	0.054
22	106916	0.037
22	129118	0.036
22	120301	0.034
22	116517	0.034
22	106917	0.033
22	1116501	0.031
22	120317	0.029
22	129117	0.028
22	109917	0.021
22	1106901	0.02
22	109901	0.015
22	5050	0.014
22	129113	0.014
22	120316	0.012
22	1116517	0.012
22	1106918	0.01
22	1120301	0.01
22	116513	0.01
22	1116518	0.008
22	120313	0.008
22	1120318	0.008
22	1106917	0.008
22	1116513	0.008
22	120351	0.007
22	109916	0.006
23	116501	0.19
23	76718	0.093
23	109918	0.067
23	120318	0.059
23	106916	0.056
23	106917	0.054
23	106918	0.048
23	120317	0.041
23	1116501	0.038
23	116518	0.036
23	120316	0.035
23	129117	0.034
23	129118	0.033
23	129113	0.022
23	109917	0.022
23	116517	0.022
23	120301	0.021
23	116513	0.015
23	1106917	0.014
23	1106916	0.011
23	109951	0.009
23	129101	0.009
23	109901	0.008
23	1106918	0.007
23	109916	0.007
23	120313	0.006
23	1116518	0.006
23	116510	0.006
23	5050	0.005
24	116501	0.121
24	106918	0.071
24	106917	0.064
24	129118	0.062
24	76718	0.06
24	1116501	0.06
24	116518	0.056
24	109916	0.053
24	120318	0.046
24	109918	0.042
24	106916	0.039
24	106901	0.038
24	120317	0.033
24	129117	0.031
24	76710	0.03
24	120301	0.028
24	120316	0.027
24	129101	0.023
24	5050	0.018
24	116517	0.016
24	109917	0.015
24	1120301	0.014
24	106913	0.011
24	129116	0.008
24	1116517	0.006
25	116501	0.155
25	129118	0.085
25	106918	0.078
25	106916	0.048
25	109916	0.047
25	116518	0.045
25	106917	0.043
25	120316	0.042
25	109917	0.041
25	76718	0.04
25	1106901	0.038
25	76710	0.038
25	120318	0.037
25	106901	0.032
25	129101	0.03
25	109918	0.028
25	120301	0.027
25	120317	0.019
25	1106918	0.017
25	1116501	0.017
25	106951	0.012
25	1106917	0.01
25	129117	0.008
25	129116	0.008
25	1120301	0.008
25	129151	0.007
26	120301	0.175
26	120318	0.139
26	106918	0.114
26	1116501	0.081
26	106917	0.074
26	1116518	0.074
26	5050	0.067
26	1120301	0.05
26	106901	0.047
26	1116513	0.033
26	1106918	0.02
26	120310	0.016
26	120316	0.015
26	120313	0.015
26	1106901	0.013
26	120317	0.012
26	116518	0.012
26	106913	0.012
26	106916	0.011
26	1106913	0.009
26	1116551	0.009
27	120318	0.182
27	106918	0.151
27	120301	0.12
27	106901	0.104
27	106917	0.095
27	120317	0.056
27	116501	0.053
27	120818	0.044
27	1106901	0.035
27	116518	0.03
27	1116501	0.03
27	120316	0.019
27	5050	0.016
27	120817	0.014
27	106916	0.012
27	1106918	0.008
27	1116518	0.008
27	116517	0.007
27	106951	0.007
27	106913	0.006
28	106918	0.178
28	120318	0.119
28	120301	0.116
28	120818	0.096
28	106917	0.087
28	106901	0.075
28	106916	0.065
28	116501	0.052
28	120817	0.047
28	116518	0.046
28	120317	0.042
28	5050	0.033
28	106951	0.02
28	106913	0.012
28	120316	0.01
29	106918	0.176
29	120818	0.119
29	120301	0.113
29	106916	0.094
29	120318	0.092
29	106917	0.083
29	106901	0.073
29	120817	0.057
29	116501	0.048
29	116518	0.037
29	120317	0.032
29	5050	0.026
29	116517	0.014
29	106951	0.012
29	120816	0.01
29	120316	0.007
29	106913	0.006
30	106918	0.179
30	120818	0.15
30	106916	0.106
30	120318	0.082
30	106917	0.081
30	120301	0.078
30	106901	0.071
30	116501	0.04
30	120817	0.036
30	120816	0.034
30	120316	0.026
30	5050	0.023
30	116518	0.022
30	120317	0.021
30	106903	0.012
30	106951	0.009
30	120851	0.009
30	120801	0.008
30	116517	0.006
30	120303	0.006
31	84618	0.15
31	120301	0.15
31	1116501	0.097
31	129118	0.08
31	120318	0.059
31	129117	0.054
31	106917	0.047
31	106916	0.038
31	109918	0.035
31	120316	0.034
31	129101	0.033
31	106901	0.03
31	109917	0.029
31	129116	0.027
31	120317	0.026
31	106918	0.025
31	5050	0.024
31	109916	0.018
31	1116513	0.016
31	116518	0.008
31	109913	0.007
31	1116518	0.006
31	1116517	0.006
32	84618	0.136
32	129118	0.12
32	129117	0.105
32	120301	0.092
32	120318	0.07
32	106918	0.066
32	129101	0.063
32	116501	0.054
32	109918	0.049
32	1116501	0.036
32	120316	0.033
32	106901	0.027
32	109917	0.023
32	120317	0.022
32	116518	0.021
32	129116	0.02
32	106917	0.02
32	106916	0.014
32	5050	0.013
32	109913	0.008
32	116551	0.007
33	129117	0.166
33	84618	0.122
33	120318	0.094
33	129118	0.083
33	120301	0.08
33	106918	0.076
33	106901	0.054
33	116501	0.049
33	109917	0.038
33	120316	0.038
33	129116	0.035
33	109918	0.033
33	129101	0.022
33	106916	0.022
33	116518	0.02
33	77218	0.01
33	106917	0.009
33	120317	0.009
33	109901	0.008
33	106951	0.008
33	129113	0.007
33	5050	0.007
33	1116501	0.006
33	109913	0.005
34	129117	0.189
34	120318	0.119
34	106918	0.101
34	129118	0.101
34	84618	0.086
34	120301	0.036
34	106901	0.034
34	120316	0.028
34	120317	0.024
34	106916	0.023
34	116518	0.022
34	5050	0.022
34	109917	0.022
34	1106918	0.019
34	106917	0.018
34	77218	0.018
34	129116	0.016
34	109916	0.014
34	109901	0.012
34	106951	0.012
34	1109917	0.011
34	109918	0.009
34	116501	0.009
34	1109916	0.008
34	120303	0.007
34	120803	0.006
34	1106951	0.006
35	129117	0.221
35	120318	0.115
35	106917	0.076
35	129118	0.076
35	106916	0.075
35	106918	0.067
35	84618	0.039
35	120301	0.034
35	120316	0.029
35	109917	0.029
35	77218	0.023
35	116518	0.019
35	120317	0.019
35	116501	0.016
35	5050	0.015
35	129116	0.013
35	120803	0.013
35	109916	0.01
35	106901	0.009
35	109918	0.008
35	106951	0.008
35	109901	0.008
35	120818	0.007
35	116517	0.005
36	1106917	0.12
36	120318	0.118
36	106918	0.101
36	116516	0.078
36	120317	0.077
36	120316	0.071
36	106916	0.071
36	120301	0.062
36	1106918	0.048
36	5050	0.044
36	106917	0.038
36	1116518	0.034
36	109918	0.032
36	1106916	0.03
36	1106913	0.019
36	109916	0.017
36	106951	0.016
36	116517	0.009
36	116501	0.008
36	116518	0.006
37	106918	0.158
37	120318	0.141
37	120317	0.115
37	106916	0.097
37	106917	0.084
37	120316	0.06
37	1106917	0.056
37	120301	0.036
37	109918	0.032
37	116516	0.03
37	116518	0.025
37	5050	0.023
37	1106916	0.022
37	116517	0.021
37	1106901	0.02
37	1106918	0.019
37	1116518	0.014
37	116501	0.014
37	106951	0.011
37	106901	0.009
37	120817	0.007
37	120313	0.005
38	106918	0.2
38	106916	0.16
38	120317	0.148
38	106917	0.104
38	120318	0.094
38	120316	0.09
38	120817	0.045
38	1106917	0.039
38	1109916	0.029
38	1106918	0.013
38	120313	0.011
38	120301	0.01
38	106951	0.009
38	109917	0.009
38	106901	0.009
38	1106901	0.008
38	1106916	0.008
38	1109917	0.007
38	5050	0.006
39	106916	0.259
39	120317	0.177
39	106917	0.137
39	120316	0.127
39	106918	0.118
39	120318	0.051
39	109916	0.032
39	120817	0.03
39	106913	0.021
39	106901	0.011
39	109917	0.01
39	120818	0.009
39	106910	0.007
39	120816	0.006
39	120813	0.005
40	106916	0.282
40	120317	0.167
40	106917	0.139
40	120316	0.133
40	106918	0.083
40	109916	0.045
40	120318	0.041
40	106901	0.026
40	120816	0.023
40	1106916	0.022
40	120817	0.018
40	106913	0.012
40	120818	0.008
41	5050	0.366
41	1120818	0.165
41	120317	0.132
41	120318	0.112
41	120301	0.063
41	1120851	0.055
41	1120813	0.049
41	120351	0.039
41	1120817	0.019
42	120318	0.254
42	120317	0.232
42	1120818	0.2
42	120818	0.122
42	1120817	0.07
42	1120813	0.037
42	1120801	0.034
42	5050	0.028
42	1120851	0.012
42	120817	0.012
43	120318	0.473
43	120818	0.217
43	120817	0.184
43	5050	0.064
43	120317	0.031
43	120816	0.022
43	1120818	0.009
44	120318	0.73
44	120818	0.106
44	120317	0.076
44	120817	0.049
44	5050	0.038
45	120318	0.564
45	120818	0.195
45	120317	0.141
45	120817	0.083
45	5050	0.017
46	5050	0.309
46	109918	0.105
46	1116518	0.1
46	1106918	0.093
46	1116501	0.083
46	106918	0.068
46	1106901	0.039
46	1120818	0.028
46	1120801	0.025
46	1116517	0.023
46	106917	0.021
46	106901	0.019
46	109917	0.017
46	1106951	0.013
46	90018	0.01
46	1116551	0.01
46	90013	0.009
46	106951	0.009
46	1116516	0.007
46	1120851	0.006
46	116501	0.006
47	5050	0.175
47	106918	0.115
47	109918	0.094
47	116501	0.081
47	106901	0.068
47	1106918	0.064
47	106917	0.051
47	1120801	0.042
47	1106901	0.042
47	106916	0.039
47	1116501	0.039
47	116517	0.026
47	1120818	0.023
47	1116518	0.022
47	109917	0.02
47	116518	0.019
47	1106917	0.013
47	106913	0.009
47	1106951	0.009
47	116513	0.008
47	1106913	0.008
47	106951	0.007
47	1116516	0.007
47	1106916	0.006
47	116516	0.006
47	90018	0.006
48	106918	0.198
48	5050	0.138
48	116501	0.09
48	109918	0.077
48	116517	0.074
48	106917	0.067
48	106901	0.06
48	106916	0.052
48	1116501	0.049
48	1120801	0.045
48	1106918	0.033
48	1106901	0.028
48	90017	0.024
48	106951	0.016
48	109917	0.011
48	109916	0.01
48	1116518	0.008
48	1106917	0.008
48	1116517	0.007
48	90018	0.006
49	106918	0.212
49	116501	0.105
49	5050	0.097
49	109918	0.095
49	1116501	0.062
49	106917	0.053
49	106901	0.05
49	106916	0.05
49	1120801	0.036
49	1106918	0.033
49	90017	0.031
49	116517	0.03
49	106951	0.028
49	90018	0.027
49	1106901	0.022
49	1120818	0.021
49	109917	0.018
49	1116517	0.017
49	1116513	0.014
50	106918	0.208
50	116501	0.108
50	109918	0.086
50	106916	0.078
50	1116501	0.076
50	5050	0.057
50	106917	0.048
50	90017	0.046
50	120801	0.044
50	106901	0.033
50	1106901	0.029
50	1106918	0.026
50	90018	0.021
50	109916	0.019
50	1120801	0.018
50	106951	0.013
50	116518	0.013
50	1106917	0.012
50	90013	0.011
50	1120818	0.01
50	1116513	0.01
50	116517	0.007
50	1116517	0.007
50	1116518	0.006
50	109917	0.006
50	109951	0.006
51	5050	0.289
51	1106918	0.219
51	1106901	0.169
51	1116518	0.094
51	120318	0.045
51	106918	0.035
51	1106917	0.034
51	1106913	0.021
51	1106951	0.02
51	1116501	0.011
51	1120818	0.01
51	120301	0.01
51	1106910	0.009
51	1120318	0.008
51	1116517	0.007
51	1116513	0.007
51	1116551	0.006
51	106916	0.006
52	5050	0.21
52	1106901	0.167
52	1106918	0.156
52	1116518	0.111
52	120318	0.078
52	1106917	0.075
52	1106916	0.066
52	106916	0.053
52	106918	0.035
52	1106913	0.022
52	1116516	0.012
52	1116551	0.008
52	120317	0.007
53	1116518	0.173
53	1106917	0.169
53	1106901	0.135
53	1106918	0.109
53	106916	0.096
53	120318	0.089
53	5050	0.078
53	1106916	0.065
53	106918	0.033
53	120317	0.014
53	1116516	0.013
53	1106913	0.012
53	106917	0.009
53	116518	0.006
54	1106917	0.156
54	1116518	0.145
54	106916	0.117
54	1106901	0.112
54	1106918	0.099
54	120318	0.09
54	5050	0.087
54	1106916	0.057
54	106918	0.052
54	106917	0.034
54	120317	0.025
54	116518	0.012
54	116516	0.007
54	1116516	0.006
55	106916	0.136
55	106918	0.1
55	1106917	0.098
55	1116518	0.094
55	1106901	0.09
55	106917	0.086
55	1106918	0.07
55	5050	0.067
55	120318	0.063
55	116518	0.06
55	120317	0.059
55	1106916	0.048
55	116501	0.03
56	5050	0.314
56	1120818	0.239
56	102118	0.16
56	120818	0.084
56	102117	0.074
56	102101	0.042
56	102113	0.034
56	1120801	0.033
56	120318	0.009
56	120816	0.007
56	120817	0.005
57	120318	0.241
57	5050	0.202
57	120317	0.198
57	102118	0.138
57	102117	0.093
57	102101	0.048
57	120818	0.039
57	102116	0.023
57	120316	0.018
58	120318	0.307
58	5050	0.207
58	102116	0.19
58	120317	0.172
58	102118	0.117
58	120316	0.007
59	102118	0.223
59	120318	0.178
59	120316	0.169
59	102116	0.159
59	120317	0.138
59	102117	0.081
59	5050	0.051
60	102116	0.362
60	120317	0.249
60	120316	0.167
60	102117	0.112
60	120318	0.084
60	102118	0.027
61	106918	0.186
61	1116513	0.108
61	120301	0.079
61	106901	0.073
61	84618	0.072
61	1120801	0.072
61	116501	0.051
61	120318	0.039
61	116517	0.039
61	116518	0.032
61	106913	0.032
61	109901	0.03
61	109913	0.028
61	1116501	0.026
61	1116517	0.024
61	1106901	0.022
61	120317	0.014
61	106951	0.014
61	109918	0.013
61	1106910	0.013
61	106916	0.013
61	1120301	0.01
61	106917	0.005
61	1116510	0.005
62	1116501	0.179
62	106918	0.148
62	84618	0.073
62	120301	0.071
62	106901	0.064
62	1106901	0.059
62	116501	0.056
62	106951	0.041
62	109918	0.041
62	1116513	0.033
62	1120301	0.033
62	120318	0.028
62	1106913	0.026
62	1120801	0.024
62	1120818	0.02
62	1116518	0.017
62	109901	0.016
62	5050	0.012
62	109913	0.011
62	106917	0.011
62	120351	0.01
62	106913	0.009
62	106916	0.009
62	1106910	0.009
63	106918	0.179
63	106901	0.175
63	1116501	0.108
63	116501	0.088
63	84618	0.073
63	1120301	0.053
63	109918	0.036
63	120318	0.036
63	1106901	0.034
63	120301	0.031
63	106917	0.029
63	1106918	0.021
63	5050	0.02
63	106951	0.019
63	120316	0.014
63	109901	0.013
63	106916	0.012
63	109917	0.01
63	109916	0.01
63	116510	0.008
63	1116513	0.007
63	116518	0.006
63	120801	0.006
63	1106913	0.006
63	120351	0.005
64	106918	0.245
64	106901	0.15
64	106917	0.07
64	116501	0.069
64	120301	0.065
64	106916	0.061
64	84618	0.05
64	109918	0.031
64	106951	0.03
64	120801	0.024
64	1106918	0.022
64	1120317	0.018
64	5050	0.017
64	1120316	0.016
64	120318	0.016
64	1106901	0.015
64	120316	0.014
64	109916	0.012
64	109917	0.011
64	120818	0.009
64	1120301	0.008
64	90018	0.008
64	90016	0.007
64	1106916	0.005
64	90017	0.005
65	106918	0.178
65	106916	0.175
65	106917	0.133
65	120317	0.056
65	116501	0.054
65	1106916	0.041
65	120301	0.04
65	106901	0.034
65	90017	0.033
65	90016	0.029
65	120818	0.025
65	5050	0.016
65	116518	0.016
65	1106918	0.014
65	106951	0.013
65	120801	0.013
65	120851	0.012
65	1120316	0.009
65	120318	0.009
65	1120301	0.008
65	106913	0.007
65	1120317	0.007
65	109918	0.006
71	106916	0.221
71	106917	0.192
71	106918	0.083
71	1090016	0.044
71	120816	0.04
71	1090013	0.039
71	120316	0.034
71	1106916	0.028
71	109918	0.027
71	120318	0.024
71	1106918	0.021
71	1109916	0.02
71	84618	0.02
71	120817	0.02
71	1106901	0.017
71	1106917	0.017
71	1109917	0.015
71	77216	0.015
71	120317	0.014
71	5050	0.013
71	116516	0.012
71	90018	0.01
71	120801	0.01
71	106901	0.009
71	84616	0.009
71	106913	0.009
71	120818	0.007
71	1090017	0.006
71	109913	0.006
71	90016	0.006
71	109917	0.005
72	106916	0.376
72	106917	0.138
72	1109916	0.055
72	120816	0.054
72	109916	0.045
72	106918	0.043
72	116516	0.04
72	1090016	0.038
72	120316	0.031
72	120817	0.028
72	90016	0.026
72	84618	0.025
72	90017	0.02
72	120818	0.019
72	120318	0.012
72	116517	0.01
72	120317	0.008
72	1090013	0.005
73	106916	0.362
73	106917	0.152
73	120816	0.06
73	109916	0.056
73	1109916	0.045
73	106918	0.037
73	116516	0.033
73	120316	0.031
73	1090016	0.031
73	120818	0.026
73	90017	0.021
73	120318	0.018
73	90018	0.017
73	116517	0.016
73	120817	0.015
73	90016	0.012
73	1090013	0.011
73	1090017	0.008
73	84618	0.005
74	106916	0.432
74	106917	0.132
74	120816	0.054
74	109916	0.051
74	90018	0.036
74	120316	0.03
74	106918	0.029
74	120818	0.026
74	116516	0.023
74	120817	0.022
74	120318	0.02
74	1090013	0.018
74	1090016	0.017
74	116517	0.012
74	90017	0.012
74	1109916	0.012
74	116518	0.011
74	1090017	0.011
75	106916	0.441
75	106917	0.137
75	120816	0.064
75	106918	0.05
75	90018	0.044
75	120316	0.032
75	109916	0.025
75	120818	0.022
75	116518	0.021
75	116516	0.02
75	90013	0.019
75	120318	0.018
75	120817	0.015
75	1090013	0.011
75	90017	0.009
75	1090017	0.009
75	106913	0.007
75	116501	0.006
76	106917	0.187
76	106916	0.174
76	106918	0.13
76	109918	0.123
76	109917	0.061
76	120817	0.043
76	106913	0.042
76	109916	0.038
76	5050	0.037
76	1106917	0.034
76	120816	0.032
76	120317	0.025
76	120316	0.023
76	1106916	0.021
76	109913	0.016
76	1106918	0.012
77	106916	0.324
77	106918	0.179
77	106917	0.115
77	120817	0.076
77	109918	0.07
77	109916	0.067
77	1109916	0.061
77	120816	0.034
77	1106917	0.018
77	120818	0.016
77	5050	0.013
77	109917	0.012
77	1109918	0.009
77	106913	0.005
78	106916	0.484
78	106917	0.111
78	120816	0.087
78	109916	0.072
78	106918	0.057
78	1109916	0.044
78	106913	0.032
78	106901	0.028
78	109917	0.025
78	120817	0.022
78	109918	0.021
78	120818	0.016
79	106916	0.449
79	106917	0.153
79	109916	0.106
79	120816	0.106
79	106918	0.106
79	109917	0.027
79	109918	0.026
79	120817	0.016
79	106913	0.011
80	106916	0.4
80	106917	0.263
80	109916	0.132
80	120816	0.1
80	106918	0.07
80	120817	0.023
80	109918	0.012
81	106916	0.342
81	106917	0.223
81	106918	0.112
81	76710	0.085
81	90017	0.049
81	1106918	0.047
81	1106916	0.04
81	1106901	0.031
81	1090018	0.012
81	90016	0.011
81	90018	0.008
81	106901	0.008
81	76717	0.007
81	1106917	0.006
81	106913	0.006
81	1090017	0.006
81	106951	0.006
82	106916	0.459
82	106917	0.233
82	106918	0.132
82	76717	0.091
82	1090016	0.042
82	1090017	0.017
82	1090018	0.017
82	1090013	0.008
83	106916	0.429
83	106917	0.242
83	106918	0.133
83	76717	0.092
83	1090016	0.072
83	1090013	0.016
83	106913	0.015
84	106916	0.448
84	106917	0.234
84	106918	0.136
84	76717	0.091
84	1090016	0.043
84	1090013	0.037
84	1090017	0.011
85	106916	0.338
85	106917	0.225
85	106918	0.15
85	109916	0.056
85	1090016	0.048
85	76717	0.045
85	76716	0.036
85	106913	0.019
85	1090017	0.017
85	1090018	0.016
85	106901	0.012
85	76718	0.011
85	109918	0.007
85	1090013	0.007
85	106951	0.006
85	109917	0.006
86	106917	0.17
86	106918	0.102
86	76716	0.099
86	106916	0.09
86	109917	0.086
86	120318	0.055
86	1106918	0.053
86	1106917	0.053
86	76718	0.048
86	1106901	0.047
86	109918	0.044
86	120316	0.038
86	120317	0.036
86	1106916	0.02
86	5050	0.017
86	109916	0.016
86	120817	0.01
86	1116517	0.008
86	120816	0.007
87	106916	0.226
87	106917	0.183
87	76716	0.124
87	109917	0.065
87	120316	0.057
87	106918	0.053
87	109916	0.051
87	1106918	0.044
87	1106917	0.042
87	120817	0.029
87	109918	0.026
87	120318	0.024
87	76718	0.02
87	120818	0.018
87	1106916	0.017
87	120816	0.011
87	106901	0.006
87	5050	0.005
88	106916	0.323
88	106917	0.206
88	76716	0.127
88	109917	0.071
88	109916	0.051
88	120817	0.042
88	120816	0.036
88	106918	0.032
88	120316	0.03
88	120318	0.025
88	109918	0.022
88	76718	0.018
88	1106918	0.011
88	5050	0.007
89	106916	0.301
89	106917	0.217
89	76716	0.125
89	109917	0.074
89	109916	0.056
89	120316	0.047
89	106918	0.044
89	120817	0.04
89	120317	0.027
89	76718	0.018
89	120818	0.014
89	109918	0.013
89	106913	0.01
89	120318	0.009
89	120816	0.006
90	106916	0.341
90	106917	0.19
90	76716	0.123
90	109917	0.065
90	106918	0.042
90	109916	0.038
90	109918	0.036
90	120318	0.033
90	120818	0.032
90	120816	0.029
90	120316	0.023
90	120317	0.023
90	76718	0.021
90	106913	0.006
91	106916	0.178
91	106918	0.154
91	106917	0.131
91	1106918	0.099
91	1106917	0.081
91	5050	0.067
91	1106901	0.064
91	106913	0.037
91	127016	0.034
91	1106913	0.03
91	106901	0.023
91	129101	0.02
91	1106916	0.017
91	106951	0.015
91	127017	0.014
91	120317	0.011
91	120301	0.011
91	120316	0.008
91	127018	0.006
92	106916	0.212
92	106917	0.171
92	106918	0.098
92	1106918	0.09
92	1106917	0.083
92	127016	0.065
92	1106901	0.065
92	106913	0.03
92	120317	0.03
92	5050	0.027
92	106901	0.023
92	1106913	0.023
92	1106916	0.016
92	129101	0.012
92	127018	0.011
92	127001	0.01
92	127017	0.01
92	120316	0.009
92	106951	0.009
92	120318	0.005
93	106916	0.216
93	106917	0.192
93	106918	0.124
93	1106918	0.099
93	1106917	0.07
93	127016	0.062
93	106913	0.037
93	120316	0.037
93	1106916	0.034
93	120318	0.032
93	1106901	0.028
93	120317	0.016
93	1106913	0.014
93	127018	0.01
93	127017	0.009
93	106901	0.008
93	5050	0.006
93	127001	0.006
94	106916	0.262
94	106917	0.192
94	106918	0.127
94	120316	0.082
94	1106917	0.079
94	1106918	0.069
94	1106916	0.05
94	120318	0.048
94	120317	0.038
94	106913	0.024
94	127016	0.009
94	1106913	0.007
94	5050	0.007
94	127018	0.006
95	106916	0.398
95	106917	0.23
95	120316	0.08
95	106918	0.073
95	120317	0.069
95	1106917	0.04
95	120318	0.033
95	1106916	0.026
95	106913	0.022
95	1106918	0.021
95	106901	0.008
96	106916	0.495
96	106917	0.258
96	106918	0.234
96	106901	0.007
96	106951	0.006
97	106916	0.687
97	106917	0.195
97	106918	0.105
97	5050	0.007
97	106901	0.006
98	106916	0.355
98	106917	0.321
98	106918	0.281
98	106901	0.043
99	106916	0.613
99	106918	0.258
99	106917	0.113
99	106901	0.009
99	106951	0.007
100	106916	0.93
100	106918	0.07
101	106917	0.228
101	106916	0.21
101	106918	0.119
101	76716	0.088
101	1106917	0.08
101	106913	0.064
101	1106901	0.05
101	77216	0.044
101	1106918	0.027
101	106910	0.019
101	120301	0.019
101	120318	0.012
101	106951	0.011
101	1106916	0.01
101	106901	0.007
101	1106913	0.006
101	5050	0.005
102	106916	0.366
102	106917	0.235
102	106918	0.121
102	76716	0.088
102	106913	0.053
102	77216	0.026
102	84616	0.018
102	1106917	0.016
102	1106916	0.016
102	120817	0.016
102	120801	0.015
102	1106918	0.014
102	106910	0.01
102	120816	0.005
103	106916	0.486
103	106917	0.209
103	106918	0.097
103	76718	0.057
103	76716	0.031
103	106913	0.03
103	84618	0.029
103	120817	0.02
103	120816	0.019
103	84616	0.015
103	106910	0.008
104	106916	0.495
104	106917	0.173
104	106918	0.125
104	76718	0.045
104	84618	0.035
104	120816	0.032
104	106913	0.03
104	120817	0.007
104	106901	0.006
105	106916	0.478
105	106917	0.194
105	106918	0.131
105	120816	0.023
105	120817	0.015
105	106901	0.014
105	106913	0.011
105	120818	0.006
106	106916	0.197
106	106917	0.146
106	106918	0.132
106	1106918	0.114
106	109918	0.079
106	1106917	0.059
106	76718	0.045
106	1106901	0.042
106	1106913	0.035
106	120316	0.028
106	1106910	0.027
106	120318	0.022
106	5050	0.017
106	106913	0.017
106	1106916	0.016
106	109916	0.01
106	106901	0.008
106	76716	0.005
107	106916	0.325
107	106917	0.23
107	106918	0.094
107	1106918	0.056
107	76716	0.045
107	109918	0.038
107	1106916	0.03
107	120316	0.026
107	1109916	0.024
107	106913	0.018
107	1106917	0.017
107	109916	0.016
107	1109918	0.015
107	5050	0.013
107	1106901	0.013
107	120816	0.01
107	106901	0.01
107	120817	0.008
107	120318	0.006
107	76718	0.005
108	106916	0.508
108	106917	0.157
108	106918	0.081
108	1109916	0.08
108	76716	0.051
108	106913	0.025
108	120816	0.023
108	1106916	0.022
108	120817	0.019
108	109916	0.017
108	1106918	0.01
108	120818	0.007
109	106916	0.488
109	106917	0.192
109	106918	0.098
109	109916	0.064
109	76716	0.051
109	1109916	0.031
109	120816	0.031
109	106913	0.013
109	1106916	0.012
109	120817	0.012
109	120818	0.008
110	106916	0.516
110	106917	0.172
110	106918	0.106
110	109916	0.093
110	76716	0.051
110	120816	0.04
110	109917	0.008
110	120818	0.008
110	106913	0.006
111	1090013	0.197
111	106916	0.194
111	90013	0.187
111	106913	0.078
111	77213	0.071
111	106917	0.056
111	106918	0.041
111	1077213	0.032
111	90010	0.021
111	90017	0.02
111	1090016	0.02
111	1106913	0.02
111	1090017	0.015
111	77210	0.015
111	1090018	0.011
111	1106918	0.01
111	1077216	0.007
111	1106917	0.006
112	1090013	0.313
112	106913	0.159
112	106917	0.136
112	106916	0.076
112	1077213	0.071
112	77213	0.059
112	1090017	0.038
112	106918	0.031
112	1090016	0.031
112	90013	0.026
112	90018	0.014
112	1090018	0.009
112	1090010	0.009
112	1077210	0.007
112	77210	0.007
112	90017	0.006
112	77218	0.006
113	1090013	0.299
113	106917	0.151
113	106913	0.128
113	106918	0.111
113	1077213	0.1
113	1090010	0.055
113	90013	0.028
113	1090017	0.019
113	77213	0.018
113	90018	0.015
113	1077201	0.015
113	77218	0.015
113	1090018	0.012
113	106916	0.012
113	1090016	0.009
113	90017	0.008
113	1077210	0.006
114	1090013	0.26
114	106917	0.237
114	1077213	0.104
114	90013	0.089
114	106913	0.08
114	106916	0.054
114	1090010	0.032
114	106918	0.03
114	77213	0.024
114	1090017	0.018
114	1077218	0.016
114	90018	0.014
114	90017	0.014
114	77217	0.012
114	1090016	0.009
114	1090018	0.007
115	106917	0.186
115	1090013	0.154
115	90013	0.134
115	106916	0.114
115	1077213	0.101
115	106918	0.085
115	77213	0.054
115	1090017	0.041
115	90018	0.035
115	90017	0.035
115	106913	0.016
115	1090010	0.013
115	1077218	0.01
115	77210	0.01
115	90016	0.006
115	1077210	0.006
116	1090013	0.138
116	1106917	0.111
116	109917	0.095
116	1106918	0.077
116	106918	0.076
116	1106913	0.061
116	109918	0.061
116	90013	0.059
116	106917	0.046
116	1090017	0.045
116	1106916	0.042
116	90017	0.036
116	106913	0.026
116	106916	0.021
116	1090016	0.017
116	1090010	0.017
116	5050	0.017
116	90016	0.013
116	1106910	0.013
116	1106901	0.011
116	109916	0.008
116	109913	0.006
116	1106951	0.005
117	109917	0.107
117	1090013	0.105
117	90013	0.1
117	1106913	0.085
117	106913	0.079
117	1106917	0.065
117	1106918	0.058
117	106918	0.05
117	1106916	0.046
117	1090017	0.044
117	106917	0.036
117	90017	0.028
117	109918	0.027
117	1106910	0.02
117	90018	0.019
117	109913	0.017
117	109916	0.016
117	1090016	0.015
117	106916	0.015
117	106901	0.015
117	5050	0.013
117	1090018	0.01
117	1106901	0.01
117	106910	0.009
117	90016	0.007
117	1090010	0.005
118	1090013	0.15
118	106913	0.111
118	109917	0.106
118	106917	0.096
118	1106913	0.095
118	1090018	0.057
118	1090017	0.054
118	106918	0.045
118	1106917	0.039
118	106901	0.032
118	109916	0.028
118	106916	0.028
118	1106918	0.026
118	90018	0.025
118	1090016	0.025
118	106910	0.024
118	109913	0.02
118	109918	0.016
118	90013	0.015
118	1106916	0.011
119	1090013	0.166
119	106917	0.137
119	106913	0.103
119	109917	0.091
119	106918	0.079
119	1106913	0.075
119	1090018	0.065
119	1090017	0.046
119	106910	0.038
119	109916	0.033
119	109913	0.031
119	1090016	0.023
119	106916	0.019
119	1106917	0.019
119	1106918	0.017
119	1090001	0.016
119	109918	0.012
119	90018	0.009
119	1090010	0.008
119	1106910	0.006
119	106901	0.006
120	1090013	0.203
120	106917	0.16
120	106913	0.099
120	109917	0.097
120	1090017	0.081
120	106918	0.05
120	1106913	0.049
120	106916	0.041
120	106910	0.04
120	109916	0.033
120	1106918	0.029
120	1090016	0.025
120	1106917	0.024
120	109918	0.023
120	1090018	0.015
120	109913	0.015
120	1090001	0.01
120	1106916	0.007
121	5050	0.652
121	106918	0.129
121	109916	0.094
121	109918	0.067
121	106951	0.047
121	109951	0.012
122	5050	0.525
122	106918	0.267
122	109916	0.075
122	106916	0.067
122	109918	0.061
122	109951	0.005
123	5050	0.48
123	106918	0.207
123	106916	0.136
123	1109916	0.063
123	109918	0.061
123	106917	0.031
123	1109917	0.009
123	109917	0.006
123	106913	0.006
124	106916	0.45
124	106917	0.173
124	106918	0.137
124	5050	0.076
124	106913	0.037
124	1109916	0.033
124	109916	0.032
124	102116	0.024
124	102118	0.019
124	102117	0.012
124	102113	0.006
125	106916	0.501
125	106917	0.263
125	102116	0.131
125	102118	0.053
125	106918	0.052
126	90018	0.345
126	5050	0.163
126	90001	0.134
126	1090018	0.069
126	90051	0.061
126	90013	0.052
126	90017	0.051
126	106918	0.043
126	1090001	0.031
126	106917	0.016
126	1090013	0.013
126	90010	0.01
126	106916	0.007
126	1090051	0.007
127	90018	0.34
127	5050	0.232
127	90017	0.101
127	90013	0.084
127	90001	0.066
127	90016	0.061
127	1090018	0.032
127	90051	0.031
127	1090001	0.027
127	90010	0.01
127	106917	0.009
127	106918	0.006
128	90018	0.365
128	5050	0.185
128	90016	0.165
128	90017	0.125
128	90013	0.111
128	90001	0.049
129	90018	0.371
129	90016	0.218
129	90017	0.158
129	5050	0.156
129	90013	0.078
129	90001	0.014
129	90051	0.006
130	90018	0.35
130	90016	0.322
130	90017	0.194
130	5050	0.067
130	90013	0.047
130	90051	0.012
130	90001	0.009
131	90013	0.301
131	90017	0.25
131	90016	0.177
131	90018	0.064
131	1090016	0.056
131	77213	0.037
131	102117	0.029
131	77216	0.019
131	5050	0.019
131	90010	0.018
131	1090013	0.015
131	1090017	0.01
131	106918	0.005
132	90013	0.278
132	90017	0.246
132	90016	0.194
132	90018	0.082
132	1090016	0.053
132	102101	0.027
132	102117	0.026
132	77213	0.025
132	1090013	0.025
132	77216	0.021
132	90010	0.015
132	1077216	0.008
133	90016	0.324
133	90017	0.224
133	90013	0.154
133	90018	0.106
133	1090017	0.043
133	1090013	0.042
133	90010	0.037
133	1090016	0.025
133	77216	0.014
133	1077216	0.013
133	90001	0.007
133	102117	0.006
133	102101	0.005
134	90016	0.562
134	90017	0.17
134	90018	0.134
134	90013	0.061
134	1090017	0.035
134	90010	0.022
134	1090013	0.009
134	1090018	0.008
135	90016	0.588
135	90017	0.16
135	90018	0.093
135	90013	0.048
135	90010	0.04
135	1090016	0.023
135	1090017	0.005
136	90016	0.233
136	90013	0.216
136	90017	0.189
136	90018	0.122
136	90010	0.06
136	1090013	0.04
136	1090017	0.031
136	102101	0.024
136	90001	0.02
136	1090016	0.017
136	1090001	0.015
136	1090018	0.014
136	102113	0.01
136	1090010	0.007
137	90016	0.399
137	90013	0.181
137	90017	0.128
137	90018	0.115
137	1090016	0.053
137	90010	0.052
137	1090013	0.027
137	90001	0.021
137	1090010	0.007
137	1090017	0.007
137	102117	0.005
137	102113	0.005
138	90016	0.527
138	90017	0.119
138	90018	0.117
138	90013	0.089
138	1090016	0.085
138	90001	0.029
138	90010	0.017
138	1090013	0.009
138	1090017	0.009
139	90016	0.496
139	90018	0.172
139	90017	0.101
139	90013	0.075
139	1090016	0.056
139	90010	0.038
139	90051	0.016
139	1090018	0.014
139	90001	0.01
139	1090010	0.009
139	1090013	0.008
139	1090051	0.006
140	90016	0.372
140	90018	0.228
140	90010	0.09
140	90017	0.081
140	90013	0.074
140	1090018	0.047
140	1090016	0.029
140	1090051	0.021
140	90051	0.018
140	1090010	0.012
140	5050	0.006
140	1090013	0.005
141	90018	0.342
141	90017	0.155
141	1090018	0.119
141	90001	0.074
141	90013	0.071
141	90016	0.059
141	1090013	0.035
141	1090001	0.034
141	5050	0.033
141	1090017	0.028
141	90051	0.019
141	109918	0.017
141	109901	0.007
141	1090016	0.005
142	90018	0.397
142	90017	0.156
142	90016	0.086
142	90001	0.064
142	90013	0.063
142	5050	0.053
142	1090018	0.052
142	1090001	0.033
142	1090017	0.025
142	90051	0.022
142	1090013	0.02
142	109918	0.013
142	1090016	0.008
142	90010	0.007
143	90018	0.463
143	90017	0.156
143	90016	0.075
143	90001	0.061
143	5050	0.06
143	90013	0.054
143	1090017	0.038
143	1090018	0.032
143	90051	0.027
143	1090013	0.012
143	1090001	0.011
143	90010	0.006
143	1090016	0.005
144	90018	0.473
144	90017	0.168
144	90016	0.092
144	90001	0.075
144	1090017	0.045
144	90013	0.041
144	5050	0.041
144	1090018	0.022
144	90051	0.015
144	1090013	0.01
144	90010	0.007
144	1090016	0.006
144	1090001	0.005
145	90018	0.359
145	90017	0.224
145	90016	0.148
145	90001	0.096
145	90013	0.069
145	5050	0.048
145	1090017	0.024
145	90051	0.011
145	1090018	0.01
145	90010	0.007
145	1109917	0.005
146	90018	0.233
146	90001	0.224
146	1090018	0.14
146	90013	0.105
146	1090013	0.062
146	90017	0.053
146	1090017	0.045
146	90010	0.034
146	1090001	0.031
146	90016	0.028
146	90051	0.022
146	1090016	0.012
146	5050	0.011
147	90018	0.256
147	90001	0.229
147	90013	0.172
147	90017	0.136
147	90010	0.069
147	1090018	0.039
147	90016	0.031
147	1090001	0.023
147	1090013	0.019
147	1090017	0.013
147	90051	0.01
148	90018	0.444
148	90013	0.165
148	90017	0.106
148	90001	0.097
148	90010	0.066
148	90016	0.041
148	90051	0.024
148	5050	0.019
148	1090018	0.017
148	1090013	0.013
148	1090017	0.008
149	90018	0.609
149	90013	0.092
149	90001	0.092
149	90016	0.08
149	90017	0.07
149	90010	0.057
150	90018	0.436
150	90001	0.168
150	90017	0.133
150	90016	0.097
150	90010	0.092
150	90013	0.064
150	90051	0.01
151	90013	0.302
151	90017	0.234
151	1090013	0.121
151	90018	0.084
151	90016	0.073
151	1090018	0.06
151	1090017	0.042
151	90010	0.026
151	1090016	0.023
151	1090010	0.019
151	1090001	0.008
151	5050	0.007
152	90013	0.361
152	90017	0.293
152	1090013	0.075
152	90016	0.07
152	90018	0.067
152	90010	0.042
152	1090018	0.019
152	1090010	0.016
152	1090016	0.015
152	1090017	0.015
152	90001	0.014
152	1090001	0.012
153	90013	0.382
153	90017	0.34
153	90016	0.076
153	90018	0.059
153	90001	0.048
153	90010	0.046
153	1090013	0.029
153	1090016	0.011
153	1090018	0.009
154	90013	0.373
154	90017	0.345
154	90018	0.083
154	90016	0.069
154	90010	0.053
154	90001	0.044
154	1090018	0.011
154	1090051	0.008
154	90051	0.007
154	1090016	0.007
155	90013	0.365
155	90017	0.304
155	90016	0.125
155	90018	0.081
155	90010	0.062
155	90001	0.041
155	90051	0.012
155	1090018	0.01
156	90013	0.287
156	90017	0.236
156	90018	0.16
156	90016	0.115
156	1090018	0.056
156	1090013	0.052
156	1090017	0.034
156	90010	0.027
156	5050	0.015
156	90001	0.01
156	1090001	0.008
157	90013	0.41
157	90017	0.29
157	90018	0.095
157	90016	0.071
157	1090013	0.042
157	90010	0.031
157	1090018	0.028
157	90001	0.011
157	1090017	0.01
157	5050	0.008
157	1090001	0.005
158	90013	0.482
158	90017	0.289
158	90018	0.074
158	90016	0.073
158	1090013	0.038
158	90010	0.026
158	90001	0.012
158	1090017	0.007
159	90013	0.474
159	90017	0.289
159	90016	0.093
159	90018	0.066
159	90010	0.046
159	1090013	0.018
159	90001	0.008
159	1090016	0.007
160	90013	0.402
160	90017	0.307
160	90016	0.154
160	90018	0.073
160	90010	0.047
160	1090013	0.016
161	90013	0.546
161	90017	0.214
161	90018	0.109
161	90016	0.068
161	1090013	0.023
161	1090017	0.012
161	90010	0.011
161	1090018	0.009
161	1090051	0.008
162	90013	0.377
162	90017	0.323
162	90016	0.109
162	90018	0.09
162	90010	0.055
162	1090013	0.036
162	1090018	0.005
162	1090017	0.005
163	90013	0.308
163	90017	0.294
163	90018	0.148
163	90016	0.135
163	90010	0.094
163	77216	0.008
163	1090010	0.007
163	77217	0.006
164	90017	0.278
164	90013	0.255
164	90018	0.142
164	90010	0.138
164	90016	0.098
164	77216	0.03
164	77213	0.019
164	108617	0.016
164	108610	0.011
164	108618	0.007
164	1090016	0.006
165	90017	0.357
165	90013	0.213
165	90010	0.131
165	90016	0.083
165	90018	0.053
165	77213	0.049
165	108610	0.044
165	77210	0.027
165	77216	0.017
165	77217	0.015
165	108617	0.007
165	77218	0.005
166	90013	0.372
166	90018	0.148
166	90017	0.146
166	90016	0.109
166	1090013	0.073
166	1090017	0.04
166	1090018	0.029
166	90010	0.023
166	77217	0.014
166	1090016	0.01
166	5050	0.009
166	90001	0.007
166	1090001	0.007
166	77218	0.007
166	1090010	0.006
167	90013	0.418
167	90017	0.202
167	90018	0.101
167	90010	0.077
167	90016	0.076
167	1090013	0.062
167	1090017	0.02
167	1090010	0.019
167	90001	0.014
167	1090018	0.006
167	1090016	0.005
168	90013	0.294
168	90017	0.278
168	90018	0.135
168	90016	0.107
168	90010	0.105
168	1090016	0.025
168	1090017	0.014
168	90051	0.012
168	1090013	0.012
168	90001	0.01
168	1090010	0.008
169	90013	0.279
169	90017	0.271
169	90016	0.177
169	90018	0.108
169	90010	0.102
169	1090017	0.018
169	90001	0.016
169	1090013	0.015
169	1090010	0.015
170	90013	0.25
170	90016	0.227
170	90017	0.22
170	90010	0.106
170	90018	0.071
170	1090017	0.028
170	1090016	0.026
170	108610	0.026
170	1090013	0.013
170	1090010	0.01
170	108617	0.008
170	77217	0.008
170	77213	0.008
171	90016	0.404
171	90017	0.202
171	90013	0.14
171	90018	0.099
171	1090017	0.063
171	1090013	0.024
171	90001	0.022
171	90010	0.016
171	1090010	0.013
171	1090016	0.009
171	1090018	0.008
172	90016	0.55
172	90017	0.177
172	90013	0.12
172	1090017	0.092
172	90018	0.044
172	90010	0.008
172	90001	0.008
173	90016	0.441
173	90017	0.23
173	90013	0.144
173	90018	0.093
173	1090017	0.028
173	1090010	0.026
173	90010	0.016
173	1090016	0.01
173	1090018	0.007
173	1090013	0.007
174	90016	0.492
174	90017	0.207
174	90013	0.152
174	90010	0.089
174	90018	0.053
174	5050	0.007
175	90016	0.376
175	90017	0.249
175	90013	0.184
175	90010	0.157
175	90001	0.017
175	90018	0.017
176	90016	0.329
176	90013	0.211
176	90017	0.187
176	90018	0.086
176	90010	0.068
176	1090016	0.035
176	77216	0.03
176	77213	0.029
176	77217	0.01
176	77218	0.008
176	90001	0.008
177	90016	0.411
177	90013	0.212
177	90017	0.171
177	90010	0.088
177	90018	0.073
177	1090016	0.028
177	77216	0.017
178	90016	0.557
178	90017	0.124
178	90013	0.111
178	90018	0.106
178	90010	0.069
178	1090016	0.023
178	1090017	0.009
179	90016	0.61
179	90018	0.099
179	90017	0.096
179	90010	0.068
179	1090016	0.057
179	90013	0.055
179	1090017	0.009
180	90016	0.605
180	90018	0.112
180	90017	0.08
180	1090016	0.072
180	90013	0.047
180	90010	0.043
180	5050	0.006
181	90013	0.363
181	90017	0.205
181	90018	0.138
181	90016	0.062
181	1090013	0.06
181	1090018	0.06
181	90010	0.029
181	1090017	0.028
181	90001	0.014
181	1090016	0.012
181	1090001	0.011
181	5050	0.009
181	1090010	0.006
181	1090051	0.005
182	90013	0.455
182	90017	0.244
182	90018	0.109
182	90016	0.046
182	90010	0.043
182	1090017	0.042
182	1090013	0.031
182	1090018	0.016
182	90001	0.013
183	90013	0.427
183	90017	0.322
183	90018	0.08
183	90016	0.078
183	1090017	0.046
183	90010	0.027
183	1090018	0.01
183	77210	0.01
184	90013	0.362
184	90017	0.267
184	90018	0.154
184	90016	0.11
184	1090017	0.041
184	90010	0.018
184	77217	0.013
184	77210	0.011
184	90001	0.01
184	1090013	0.007
184	1090018	0.006
185	90013	0.371
185	90017	0.242
185	90018	0.183
185	90016	0.109
185	1090017	0.047
185	90010	0.019
185	77217	0.009
185	77213	0.008
185	77210	0.006
185	1090013	0.006
186	90013	0.549
186	90017	0.276
186	90016	0.087
186	90018	0.043
186	90010	0.019
186	1090013	0.013
186	90001	0.013
187	90013	0.555
187	90017	0.238
187	90018	0.112
187	90016	0.069
187	90010	0.026
188	90013	0.425
188	90017	0.329
188	90018	0.096
188	90016	0.09
188	90010	0.046
188	90051	0.014
189	90013	0.332
189	90017	0.281
189	90016	0.214
189	90010	0.121
189	90018	0.052
190	90010	0.263
190	90013	0.238
190	90017	0.189
190	90016	0.163
190	90018	0.147
191	90018	0.348
191	90017	0.181
191	90013	0.106
191	109918	0.073
191	90016	0.072
191	90001	0.05
191	5050	0.041
191	1090017	0.04
191	1090018	0.026
191	90010	0.018
191	90051	0.016
191	1090013	0.011
191	109917	0.01
191	109913	0.007
192	90018	0.26
192	90017	0.183
192	90013	0.129
192	1090017	0.086
192	1090018	0.073
192	90016	0.06
192	1090013	0.051
192	109918	0.039
192	109917	0.018
192	5050	0.014
192	90001	0.013
192	1090010	0.01
192	90051	0.01
192	1090016	0.009
192	90010	0.008
194	90018	0.276
194	90017	0.123
194	90013	0.116
194	90016	0.106
194	1090018	0.055
194	1090017	0.047
194	90010	0.044
194	5050	0.031
194	90051	0.018
194	1090013	0.015
194	109917	0.008
196	90013	0.343
196	90016	0.204
196	90017	0.189
196	90018	0.091
196	109918	0.054
196	90010	0.039
196	109917	0.029
196	1090018	0.019
196	1090017	0.016
196	1090013	0.015
197	90016	0.39
197	90013	0.273
197	90017	0.212
197	1090017	0.057
197	90018	0.051
197	1090018	0.011
197	1090051	0.006
198	90016	0.458
198	90017	0.271
198	90013	0.16
198	90018	0.049
198	1090017	0.03
198	90010	0.014
198	1090016	0.01
198	1090018	0.008
199	90016	0.651
199	90017	0.161
199	90018	0.054
199	90010	0.036
199	1090010	0.034
199	90013	0.013
199	90051	0.007
200	90016	0.69
200	90017	0.111
200	1090010	0.082
200	90018	0.024
200	90051	0.015
200	90013	0.012
201	1090013	0.23
201	90016	0.172
201	90017	0.121
201	90013	0.092
201	1090010	0.05
201	90018	0.049
201	109918	0.048
201	90010	0.048
201	1090017	0.043
201	77216	0.039
201	109913	0.024
201	109917	0.021
201	1090018	0.017
201	1090016	0.016
201	1090051	0.013
201	5050	0.011
201	77213	0.006
202	90016	0.494
202	90013	0.099
202	1090016	0.097
202	90017	0.084
202	1090017	0.08
202	1090013	0.044
202	109918	0.027
202	109917	0.026
202	90018	0.021
202	109916	0.013
202	90010	0.008
202	1090018	0.007
203	90016	0.533
203	90017	0.12
203	90018	0.07
203	90010	0.061
203	1090016	0.056
203	1090018	0.043
203	90013	0.034
203	1090051	0.026
203	1090010	0.025
203	90051	0.014
203	1090017	0.01
203	1090013	0.01
204	90016	0.281
204	90010	0.152
204	90018	0.147
204	90017	0.105
204	1090018	0.105
204	90051	0.046
204	1090016	0.03
204	90013	0.023
204	1090010	0.009
204	1090051	0.008
204	5050	0.006
205	90016	0.234
205	90018	0.2
205	90010	0.141
205	90017	0.112
205	90051	0.044
205	1090018	0.023
205	1090016	0.015
205	90013	0.015
205	5050	0.006
206	90018	0.329
206	90017	0.292
206	90013	0.162
206	1090018	0.071
206	90016	0.044
206	1090013	0.027
206	1090001	0.027
206	90001	0.022
206	1090017	0.019
206	5050	0.008
207	90018	0.351
207	90017	0.257
207	90013	0.185
207	90016	0.103
207	1090018	0.038
207	1090017	0.021
207	1090016	0.014
207	90010	0.008
208	90018	0.425
208	90017	0.31
208	90013	0.105
208	90016	0.063
208	90010	0.008
208	90001	0.007
209	90018	0.442
209	90017	0.286
209	90013	0.11
209	90010	0.069
209	90016	0.028
209	90051	0.01
210	90018	0.432
210	90017	0.217
210	90010	0.125
210	90016	0.097
210	90013	0.074
210	90051	0.016
211	90016	0.256
211	90017	0.21
211	90013	0.198
211	90018	0.141
211	1090016	0.075
211	1090013	0.043
211	5050	0.019
211	1090017	0.019
211	1090018	0.013
211	90001	0.012
211	90051	0.008
211	90010	0.006
212	90016	0.364
212	90017	0.21
212	90013	0.19
212	90018	0.084
212	1090016	0.067
212	1090017	0.026
212	1090013	0.016
212	90001	0.016
212	90010	0.016
212	1090018	0.006
212	5050	0.005
213	90016	0.544
213	90017	0.167
213	90013	0.131
213	1090016	0.066
213	90018	0.038
213	1090017	0.028
213	90010	0.018
213	1090013	0.008
214	90016	0.539
214	90013	0.172
214	90017	0.116
214	1090016	0.107
214	90018	0.028
214	1090017	0.018
214	90010	0.014
214	1090018	0.006
215	90016	0.555
215	90013	0.141
215	90017	0.126
215	1090016	0.105
215	90018	0.045
215	90010	0.011
215	1090017	0.009
215	1090018	0.007
216	106917	0.233
216	76709	0.16
216	1090013	0.12
216	106913	0.112
216	1090017	0.045
216	90018	0.044
216	106916	0.044
216	1090010	0.041
216	90017	0.04
216	1090016	0.04
216	1090018	0.029
216	90013	0.023
216	76710	0.018
216	90016	0.016
216	106918	0.012
217	106917	0.339
217	1090013	0.206
217	76709	0.2
217	1090017	0.139
217	106913	0.06
217	1090016	0.035
217	1090010	0.014
217	1090018	0.006
218	106917	0.313
218	1090013	0.208
218	76709	0.176
218	1090017	0.149
218	106913	0.081
218	1090010	0.024
218	76713	0.024
218	1090016	0.019
218	106918	0.006
219	106917	0.249
219	1090013	0.191
219	76713	0.16
219	106913	0.114
219	1090017	0.09
219	1090010	0.085
219	76709	0.041
219	106918	0.02
219	106916	0.019
219	90013	0.018
219	90017	0.012
220	106917	0.354
220	1090013	0.264
220	76713	0.202
220	1090017	0.066
220	90013	0.032
220	106913	0.027
220	106916	0.02
220	1090016	0.018
220	1090010	0.015
221	90013	0.543
221	90017	0.131
221	90018	0.104
221	90010	0.086
221	90001	0.074
221	90016	0.061
222	90013	0.302
222	90017	0.28
222	1090017	0.118
222	1090013	0.116
222	90018	0.1
222	90016	0.046
222	90010	0.029
222	90001	0.01
223	90013	0.243
223	90017	0.218
223	90010	0.165
223	90016	0.154
223	90018	0.139
223	1090013	0.041
223	90051	0.012
223	1090018	0.008
223	1090017	0.007
224	90018	0.28
224	90010	0.257
224	1090017	0.165
224	90013	0.152
224	90017	0.075
224	1090018	0.03
224	90016	0.016
224	90051	0.013
224	1090016	0.012
225	90010	0.298
225	90018	0.195
225	1090017	0.187
225	90051	0.116
225	90017	0.081
225	1090018	0.061
225	90013	0.052
226	90016	1
227	90016	1
228	90016	0.953
228	90010	0.041
228	90017	0.006
229	1090018	0.313
229	1090010	0.197
229	90010	0.131
229	1090051	0.116
229	90016	0.095
229	90018	0.083
229	90013	0.055
229	90017	0.011
230	1090018	0.204
230	90018	0.095
230	1090010	0.084
230	90051	0.054
230	1090051	0.026
231	90010	0.424
231	90016	0.332
231	90018	0.112
231	90013	0.014
232	90010	0.164
232	90016	0.143
232	90018	0.115
232	90013	0.035
232	1090018	0.034
232	90051	0.018
233	1090018	0.048
233	90018	0.035
233	90051	0.009
234	90018	0.12
234	90051	0.023
234	1090018	0.022
234	1090051	0.005
235	90018	0.322
235	90051	0.011
236	90016	0.362
236	90018	0.258
236	90010	0.096
236	90017	0.084
236	90013	0.058
236	1090013	0.014
236	1090010	0.009
237	90016	0.319
237	90018	0.191
237	90017	0.123
237	1090016	0.062
237	90010	0.045
237	1090013	0.031
237	90013	0.016
237	90051	0.005
238	90018	0.38
238	90016	0.127
238	1090016	0.055
238	90017	0.05
238	90010	0.034
238	90051	0.03
238	90013	0.02
239	90018	0.294
239	1090010	0.061
239	90010	0.037
239	1090018	0.024
239	90051	0.011
239	1090013	0.011
240	90018	0.258
240	90051	0.016
240	1090013	0.007
240	1090018	0.006
241	90016	1
242	90016	0.685
242	90018	0.182
242	90017	0.133
243	90010	0.324
243	90016	0.218
243	90018	0.152
243	90013	0.037
243	90017	0.01
243	90051	0.007
244	90018	0.379
244	90010	0.021
244	90051	0.017
245	90018	0.213
245	90010	0.019
246	90017	0.262
246	1090017	0.15
246	1090018	0.123
246	90013	0.122
246	90018	0.093
246	90010	0.071
246	1090013	0.048
246	1090010	0.036
246	90016	0.03
246	90001	0.028
246	1090016	0.025
246	5050	0.007
246	1090001	0.006
247	90013	0.327
247	90017	0.235
247	90018	0.216
247	1090013	0.047
247	90001	0.033
247	1090017	0.03
247	1090018	0.029
247	1090010	0.026
247	90016	0.025
247	90010	0.018
247	90051	0.007
247	1090016	0.006
248	90013	0.351
248	90017	0.283
248	90018	0.155
248	90016	0.105
248	90010	0.037
248	1090013	0.022
248	90001	0.019
248	77213	0.014
248	1090010	0.008
248	1077218	0.007
249	90013	0.383
249	90017	0.237
249	90016	0.173
249	90010	0.091
249	90018	0.063
249	77210	0.02
249	77213	0.013
249	5050	0.007
249	77218	0.006
250	90013	0.272
250	90018	0.172
250	90010	0.168
250	90017	0.148
250	90016	0.134
250	1090010	0.069
250	1090013	0.017
250	90051	0.01
250	77210	0.01
251	1090013	0.337
251	90013	0.203
251	1090018	0.142
251	90010	0.061
251	1090017	0.06
251	90018	0.053
251	90017	0.034
251	1090010	0.033
251	5050	0.027
251	1090016	0.016
251	1090001	0.012
251	90016	0.011
251	90001	0.01
252	1090013	0.593
252	1090018	0.137
252	1090010	0.086
252	90013	0.082
252	1090017	0.067
252	90010	0.018
252	5050	0.011
252	77213	0.005
253	77213	0.393
253	1090013	0.251
253	77210	0.09
253	1090010	0.08
253	90013	0.072
253	77218	0.037
253	77217	0.035
253	90010	0.023
253	1090017	0.019
254	77213	0.539
254	1090013	0.241
254	77210	0.09
254	90013	0.049
254	1090010	0.03
254	77218	0.02
254	77217	0.017
254	1090017	0.007
254	1090018	0.007
255	77213	0.546
255	90013	0.215
255	77210	0.066
255	77217	0.046
255	90010	0.038
255	1090013	0.034
255	90018	0.033
255	77218	0.011
255	1090017	0.006
255	1090018	0.005
256	90013	0.147
256	1090013	0.141
256	1077213	0.118
256	76709	0.109
256	1090018	0.072
256	1090017	0.059
256	1090010	0.038
256	90017	0.036
256	1077210	0.028
256	1077217	0.022
256	1090001	0.021
256	90010	0.018
256	90001	0.017
256	1090016	0.017
256	90018	0.015
256	90016	0.012
256	1077216	0.009
256	77213	0.008
256	77210	0.008
256	1077218	0.007
256	5050	0.007
257	1090013	0.325
257	76709	0.137
257	1077213	0.08
257	1090017	0.07
257	1090018	0.067
257	1077210	0.06
257	1090010	0.04
257	90013	0.037
257	77213	0.036
257	76713	0.025
257	1077218	0.024
257	1090016	0.017
257	90018	0.015
257	90017	0.014
257	5050	0.014
257	1077216	0.01
257	77216	0.009
257	1090001	0.008
257	1077217	0.007
257	77209	0.006
258	77213	0.202
258	1090013	0.2
258	1090018	0.136
258	77210	0.099
258	1090017	0.08
258	1077213	0.04
258	5050	0.038
258	90013	0.037
258	76713	0.033
258	90016	0.025
258	1090016	0.021
258	1090010	0.021
258	77218	0.02
258	90010	0.015
258	77216	0.013
258	90017	0.013
258	77217	0.008
259	77213	0.281
259	1090013	0.202
259	77210	0.159
259	1090017	0.086
259	1090018	0.07
259	90013	0.047
259	1090010	0.027
259	77218	0.025
259	77216	0.023
259	1090016	0.021
259	77217	0.015
259	90010	0.014
259	5050	0.011
259	90017	0.01
259	90016	0.009
260	77213	0.306
260	1090013	0.217
260	77210	0.14
260	1090017	0.137
260	77218	0.048
260	90013	0.037
260	1090010	0.033
260	90016	0.021
260	90017	0.017
260	77216	0.016
260	77217	0.016
260	90018	0.007
260	1090018	0.006
261	90013	0.43
261	90017	0.158
261	1090013	0.126
261	90016	0.115
261	90018	0.049
261	90010	0.039
261	90001	0.028
261	1090017	0.02
261	1090018	0.017
261	5050	0.009
261	1090001	0.009
262	90013	0.397
262	90017	0.16
262	90016	0.144
262	1090013	0.128
262	90018	0.074
262	1090017	0.048
262	90010	0.036
262	1090010	0.008
262	5050	0.006
263	90013	0.345
263	90016	0.163
263	90017	0.148
263	90010	0.123
263	1090013	0.103
263	1090010	0.052
263	90018	0.043
263	1090016	0.01
263	1090017	0.009
263	77213	0.006
264	90013	0.272
264	90010	0.221
264	90016	0.216
264	90017	0.109
264	77213	0.054
264	1090013	0.05
264	1090010	0.038
264	90018	0.026
264	5050	0.014
265	90016	0.249
265	90013	0.187
265	90017	0.156
265	90010	0.142
265	77213	0.081
265	1090013	0.077
265	1090010	0.056
265	90018	0.033
265	5050	0.019
266	106913	0.238
266	1090013	0.221
266	90013	0.17
266	106917	0.129
266	1090017	0.086
266	1090018	0.039
266	1106913	0.033
266	1090016	0.033
266	90017	0.03
266	5050	0.019
267	106913	0.247
267	1090013	0.178
267	106917	0.131
267	90013	0.118
267	1090017	0.103
267	1090016	0.053
267	90017	0.048
267	1090010	0.039
267	90018	0.031
267	1090018	0.027
267	106910	0.025
268	106913	0.258
268	90017	0.148
268	1090013	0.14
268	1090017	0.137
268	106917	0.137
268	1090016	0.068
268	1090018	0.039
268	90018	0.029
268	1090010	0.019
268	90016	0.019
268	90013	0.006
269	106917	0.212
269	106913	0.172
269	90013	0.133
269	1090017	0.093
269	1090013	0.081
269	108617	0.077
269	90017	0.039
269	1090010	0.033
269	108618	0.028
269	108613	0.025
269	1090018	0.024
269	1090016	0.022
269	108610	0.017
269	106910	0.014
269	90010	0.014
269	108616	0.011
269	1090001	0.005
270	106916	0.176
270	106917	0.17
270	108610	0.167
270	77213	0.101
270	77210	0.058
270	106918	0.053
270	1077213	0.053
270	90013	0.048
270	108617	0.031
270	1077217	0.028
270	1090017	0.023
270	1090013	0.023
270	1077210	0.022
270	106913	0.013
270	1077218	0.009
270	90010	0.007
270	1090018	0.007
270	77217	0.006
270	1090016	0.005
271	77213	0.386
271	77217	0.195
271	76709	0.099
271	77210	0.072
271	77216	0.043
271	77201	0.04
271	1090013	0.034
271	76713	0.031
271	77209	0.024
271	1077213	0.021
271	77218	0.021
271	1090017	0.016
271	1077218	0.012
271	1077210	0.006
272	77213	0.404
272	77217	0.17
272	77210	0.136
272	76713	0.058
272	77216	0.055
272	77209	0.035
272	76709	0.034
272	77218	0.034
272	1077213	0.022
272	1090013	0.019
272	1090017	0.019
272	77201	0.013
273	77213	0.426
273	77210	0.178
273	77217	0.159
273	77216	0.08
273	76713	0.045
273	1077213	0.039
273	77218	0.033
273	90013	0.022
273	90017	0.012
273	90018	0.006
274	77213	0.4
274	77210	0.217
274	77217	0.166
274	77216	0.085
274	77218	0.056
274	1077213	0.037
274	76713	0.014
274	1077217	0.01
274	90017	0.009
274	90018	0.007
275	77213	0.388
275	77210	0.291
275	77217	0.13
275	77216	0.081
275	77218	0.081
275	1077213	0.013
275	77251	0.008
275	76718	0.007
276	77218	0.412
276	77210	0.291
276	77217	0.097
276	77213	0.084
276	84618	0.077
276	77216	0.019
277	77210	0.299
277	77218	0.295
277	77213	0.088
277	77217	0.081
277	77216	0.053
277	84618	0.022
278	77210	0.317
278	77218	0.239
278	77213	0.09
278	77216	0.028
278	77217	0.027
278	1077210	0.006
279	77210	0.153
279	77218	0.074
279	77213	0.06
279	90018	0.024
279	90010	0.009
279	77251	0.008
279	1077213	0.008
279	1077210	0.007
279	76718	0.006
279	1090010	0.006
280	90018	0.083
280	76718	0.042
280	1077210	0.039
280	77213	0.015
280	1077213	0.014
280	1077218	0.011
280	77210	0.01
280	77251	0.008
281	76709	0.288
281	77213	0.246
281	1077213	0.175
281	77210	0.067
281	1077210	0.064
281	1077217	0.045
281	77218	0.036
281	77217	0.018
281	77209	0.01
281	1077218	0.008
281	1077216	0.006
282	77213	0.313
282	77210	0.249
282	76709	0.193
282	77209	0.059
282	77217	0.053
282	1077213	0.038
282	1077217	0.029
282	77218	0.028
282	1077210	0.016
282	76713	0.013
282	1077218	0.009
283	77213	0.406
283	77210	0.278
283	77209	0.233
283	76709	0.041
283	77218	0.023
283	77217	0.019
284	77213	0.554
284	77210	0.218
284	77209	0.207
284	77217	0.022
285	77213	0.878
285	77210	0.083
285	77216	0.026
285	77217	0.012
286	77213	0.323
286	77217	0.235
286	77210	0.219
286	77218	0.036
286	1090013	0.029
286	1077213	0.028
286	77209	0.027
286	90013	0.026
286	77216	0.018
286	90017	0.016
286	1077210	0.014
286	76718	0.013
286	1090017	0.007
287	77213	0.389
287	77217	0.291
287	77210	0.125
287	77216	0.043
287	1077213	0.033
287	77209	0.03
287	77218	0.018
287	1090013	0.017
287	1077217	0.01
287	1077210	0.01
287	76718	0.01
287	90013	0.008
287	1077216	0.006
287	76713	0.005
287	1090017	0.005
288	77213	0.422
288	77217	0.303
288	77210	0.104
288	77216	0.091
288	77218	0.046
288	76718	0.012
288	76713	0.008
288	1090013	0.008
288	77209	0.006
289	77213	0.427
289	77217	0.29
289	77210	0.103
289	77216	0.093
289	77218	0.056
289	76718	0.013
289	76713	0.01
289	1090013	0.008
290	77213	0.432
290	77217	0.276
290	77210	0.099
290	77216	0.089
290	77218	0.069
290	76718	0.016
290	76713	0.012
290	1090013	0.007
291	77213	0.476
291	77217	0.166
291	77210	0.082
291	77218	0.059
291	77209	0.045
291	76709	0.033
291	76710	0.024
291	90013	0.022
291	77201	0.017
291	1090013	0.017
291	1077213	0.014
291	90010	0.014
291	90018	0.009
291	90017	0.008
291	77216	0.005
292	77213	0.526
292	77217	0.198
292	77210	0.092
292	77209	0.052
292	1077210	0.03
292	1077213	0.03
292	77216	0.027
292	77218	0.02
292	76709	0.017
292	90013	0.008
293	77213	0.533
293	77217	0.213
293	77210	0.099
293	1077213	0.044
293	1077210	0.043
293	77216	0.024
293	77201	0.024
293	77218	0.021
294	77213	0.444
294	77217	0.272
294	77210	0.122
294	77216	0.041
294	1077210	0.036
294	1077213	0.027
294	77218	0.026
294	90016	0.018
294	77201	0.013
295	77213	0.383
295	77217	0.273
295	77216	0.144
295	77210	0.115
295	77218	0.042
295	90016	0.032
295	1077213	0.007
295	1077210	0.005
296	77213	0.445
296	77210	0.116
296	1090013	0.089
296	90013	0.064
296	90017	0.055
296	77217	0.044
296	77216	0.035
296	1077213	0.024
296	77201	0.023
296	77218	0.022
296	1090017	0.021
296	1077217	0.021
296	90010	0.021
296	90018	0.013
296	1077216	0.009
297	77213	0.463
297	77210	0.095
297	77217	0.084
297	1077213	0.071
297	90013	0.068
297	1077210	0.049
297	77216	0.048
297	77201	0.029
297	1090013	0.022
297	1077216	0.02
297	1077217	0.019
297	90018	0.012
297	90017	0.011
297	77218	0.01
298	77213	0.486
298	77210	0.102
298	1077210	0.076
298	77217	0.07
298	90013	0.057
298	77216	0.042
298	77201	0.035
298	1077217	0.033
298	1077213	0.025
298	1090013	0.018
298	77218	0.015
298	90018	0.012
298	90017	0.011
298	90016	0.01
298	1090010	0.007
299	77213	0.435
299	77210	0.166
299	77217	0.121
299	77216	0.119
299	90013	0.042
299	77218	0.022
299	90017	0.022
299	90016	0.012
299	77201	0.011
299	90018	0.011
299	1077217	0.011
299	1077213	0.009
299	1090013	0.007
299	90010	0.006
299	1090018	0.005
300	77213	0.293
300	77210	0.181
300	77217	0.169
300	77216	0.161
300	90017	0.054
300	77218	0.042
300	1077213	0.032
300	90013	0.026
300	1077216	0.011
300	77251	0.01
300	90018	0.007
300	90016	0.007
300	1090013	0.006
301	77210	0.291
301	77218	0.2
301	77216	0.116
301	77213	0.093
301	77217	0.006
302	77218	0.213
302	77210	0.166
302	77213	0.104
302	77216	0.055
302	77217	0.011
303	77218	0.102
303	77213	0.059
303	1077218	0.031
303	1077213	0.03
303	76718	0.029
303	77210	0.029
303	76710	0.009
304	77218	0.065
304	76710	0.038
304	77210	0.034
304	76718	0.017
304	77213	0.01
304	1077218	0.008
305	76710	0.091
305	77218	0.012
306	77210	0.474
306	77213	0.194
306	77217	0.165
306	77216	0.083
306	77218	0.056
306	77251	0.028
307	77210	0.735
307	77213	0.126
307	77217	0.072
307	77218	0.051
307	77216	0.01
307	77251	0.006
308	77210	0.875
308	77213	0.057
308	77218	0.052
308	77217	0.016
309	77210	0.778
309	77216	0.047
309	77218	0.043
309	77213	0.033
309	1077210	0.016
310	77210	0.438
310	77218	0.13
310	77216	0.119
310	77213	0.035
310	1077213	0.021
310	1077210	0.019
310	1077218	0.008
310	77251	0.005
311	77213	0.395
311	77217	0.247
311	77216	0.091
311	77210	0.09
311	77218	0.066
311	76713	0.049
311	76709	0.017
311	1090013	0.015
311	1077213	0.011
311	77201	0.007
311	1090018	0.006
311	90013	0.006
312	77213	0.358
312	77217	0.248
312	77210	0.155
312	77216	0.109
312	77218	0.106
312	1090013	0.017
312	1090010	0.008
313	77213	0.439
313	77216	0.153
313	77217	0.147
313	77210	0.137
313	77218	0.084
313	1090013	0.033
313	77201	0.007
314	77213	0.387
314	77216	0.165
314	77210	0.164
314	77217	0.16
314	77218	0.092
314	1090013	0.013
314	77201	0.01
314	1090017	0.009
315	77213	0.297
315	77210	0.245
315	77216	0.147
315	77218	0.121
315	77217	0.116
315	77201	0.018
315	1090013	0.013
315	1090010	0.006
316	77213	0.466
316	77218	0.309
316	1077218	0.194
316	77217	0.031
317	77213	0.41
317	77210	0.214
317	77217	0.114
317	77209	0.095
317	77216	0.055
317	1077218	0.046
317	77218	0.042
317	77201	0.014
317	1077213	0.01
318	77213	0.458
318	77217	0.266
318	77210	0.126
318	77216	0.099
318	77209	0.034
318	77218	0.018
319	77213	0.461
319	77210	0.208
319	77217	0.167
319	77216	0.107
319	77218	0.058
320	77213	0.266
320	77210	0.189
320	77216	0.162
320	77217	0.118
320	77218	0.094
320	76718	0.068
320	1077210	0.03
320	76710	0.024
320	77251	0.02
320	76713	0.014
320	76717	0.009
320	76716	0.005
321	76710	0.214
321	76718	0.194
321	77210	0.184
321	76716	0.02
322	76710	0.225
322	77210	0.146
322	76716	0.129
323	76710	0.18
323	76716	0.166
323	77210	0.154
324	76716	0.328
324	76710	0.098
324	77210	0.074
325	76716	0.364
325	76710	0.136
326	77217	0.342
326	77210	0.286
326	77216	0.136
326	76718	0.118
326	77218	0.054
327	77210	0.438
327	77217	0.191
327	77218	0.103
327	77216	0.078
327	76718	0.046
328	77210	0.453
328	77218	0.078
328	77217	0.041
328	77216	0.027
328	76718	0.005
329	77210	0.341
329	77216	0.027
330	77210	0.31
330	77216	0.006
331	76718	0.659
331	76710	0.2
332	76718	0.599
332	76710	0.2
333	76718	0.343
333	76710	0.2
333	77218	0.042
334	76710	0.2
334	76718	0.015
335	76710	0.2
336	76710	0.603
336	76709	0.124
336	77210	0.091
337	76710	0.694
337	76709	0.18
337	77210	0.056
337	76713	0.006
338	76710	0.75
338	76709	0.198
339	76710	0.75
339	76709	0.218
340	76710	0.73
340	76709	0.234
340	76717	0.02
341	84618	0.5
341	76710	0.462
341	76709	0.038
342	76717	0.272
342	76710	0.219
342	84618	0.193
342	76718	0.009
343	76717	0.323
343	76718	0.177
344	76718	0.464
344	76717	0.036
345	76718	0.5
346	76710	0.895
346	77210	0.073
346	76709	0.017
347	76710	1
348	76710	0.57
348	76717	0.42
348	76718	0.01
349	76717	0.871
349	76718	0.129
350	76717	0.893
350	76718	0.107
351	106918	0.35
351	1106918	0.14
351	76717	0.091
351	109917	0.076
351	116501	0.068
351	116513	0.047
351	116517	0.046
351	1109918	0.045
351	1109917	0.045
351	106917	0.039
351	116518	0.021
351	109913	0.014
351	1106917	0.011
351	1106916	0.005
352	106918	0.359
352	106917	0.211
352	106916	0.08
352	76718	0.066
352	116501	0.065
352	116518	0.052
352	109917	0.031
352	116517	0.027
352	76717	0.026
352	116516	0.019
352	106901	0.015
352	109918	0.014
352	106913	0.014
352	1106918	0.01
352	116513	0.005
352	5050	0.005
353	106918	0.317
353	106917	0.312
353	76718	0.092
353	106916	0.069
353	106913	0.061
353	106901	0.054
353	116501	0.052
353	116518	0.026
353	116516	0.009
353	5050	0.008
354	106917	0.303
354	106918	0.294
354	106901	0.142
354	76718	0.092
354	106916	0.055
354	116518	0.044
354	106913	0.037
354	116517	0.014
354	116501	0.012
354	116516	0.008
355	106918	0.315
355	106917	0.275
355	106901	0.124
355	106916	0.114
355	76718	0.09
355	106913	0.018
355	106903	0.017
355	106951	0.013
355	116501	0.01
355	108601	0.009
355	5050	0.007
355	108618	0.006
356	77210	0.442
356	77216	0.329
356	77213	0.072
356	77218	0.058
356	77217	0.037
356	1090017	0.028
356	1090013	0.017
356	1090001	0.011
356	90013	0.007
357	77216	0.63
357	77210	0.198
357	77217	0.044
357	77213	0.043
357	77218	0.025
357	90016	0.023
357	90013	0.021
357	90017	0.009
357	77209	0.007
358	77216	0.815
358	77210	0.053
358	77217	0.039
358	84618	0.031
358	77213	0.029
358	84616	0.019
358	77218	0.015
359	77216	0.731
359	77210	0.08
359	77218	0.058
359	84618	0.042
359	77213	0.035
359	77217	0.023
360	77216	0.565
360	77218	0.178
360	77210	0.148
360	77213	0.025
360	84618	0.011
360	77217	0.009
361	77218	0.368
361	77210	0.264
361	77216	0.207
361	77217	0.126
361	77251	0.036
362	77218	0.505
362	77217	0.315
362	77210	0.16
362	77216	0.019
364	77218	0.766
364	77217	0.118
364	77210	0.032
364	77251	0.009
365	77218	0.986
365	77217	0.014
366	77218	0.667
366	77217	0.333
367	77218	0.614
367	77217	0.333
367	77216	0.053
368	77218	0.564
368	77217	0.333
368	77216	0.103
369	77218	0.714
369	77217	0.186
369	77216	0.055
369	83218	0.034
370	77218	0.853
370	83218	0.112
371	77217	0.333
371	77216	0.333
371	77210	0.333
372	77210	0.355
372	77217	0.328
372	77216	0.317
373	77210	0.588
373	77217	0.263
373	77216	0.149
374	77210	0.903
374	77217	0.097
375	77210	0.899
375	77216	0.101
376	77218	0.687
376	77210	0.133
376	77217	0.091
376	77216	0.05
376	1077218	0.029
376	77251	0.005
376	77213	0.005
377	77218	0.719
377	77210	0.127
377	77217	0.091
377	77216	0.037
377	1077218	0.019
377	77251	0.006
378	77218	0.743
378	77210	0.132
378	77217	0.092
378	77216	0.033
379	77218	0.783
379	83218	0.073
379	77210	0.066
379	77217	0.033
379	77251	0.016
380	77218	0.705
380	83218	0.179
380	77210	0.036
380	77213	0.008
380	77251	0.007
381	77218	0.752
381	77217	0.201
381	77210	0.047
382	77218	0.592
382	77217	0.201
382	1077218	0.104
382	77210	0.039
382	1077210	0.006
383	77218	0.643
383	83218	0.094
383	77213	0.047
383	77217	0.029
383	1077213	0.012
383	1077218	0.007
383	77210	0.005
384	77218	0.404
384	77213	0.012
385	77218	0.403
386	77218	0.44
386	77216	0.317
386	77217	0.222
386	77251	0.012
386	1077218	0.008
387	77218	0.604
387	77217	0.164
387	77210	0.107
387	77216	0.101
387	77213	0.013
387	1077218	0.011
388	77218	0.805
388	77210	0.127
388	77217	0.036
388	77213	0.032
389	77218	0.901
389	77210	0.039
389	77251	0.015
389	77213	0.008
389	77216	0.008
390	77218	0.768
390	77210	0.054
390	77213	0.029
391	77210	0.946
391	77213	0.033
391	77216	0.021
392	77210	0.905
392	77217	0.039
392	77218	0.024
392	77213	0.018
392	77216	0.013
393	77210	0.717
393	77217	0.122
393	77218	0.097
393	77216	0.055
393	77213	0.009
394	77210	0.577
394	77218	0.165
394	77216	0.155
394	77217	0.095
394	77213	0.008
395	77210	0.48
395	77218	0.221
395	77216	0.199
395	77217	0.099
396	77216	0.514
396	77213	0.18
396	77210	0.141
396	77218	0.122
396	77217	0.032
396	90018	0.011
397	77216	0.708
397	77213	0.121
397	77217	0.067
397	77210	0.063
397	77218	0.042
398	77216	0.754
398	77217	0.109
398	77213	0.051
398	77218	0.044
398	77210	0.042
399	77216	0.755
399	77218	0.123
399	77217	0.056
399	77213	0.021
399	77210	0.015
400	77216	0.555
400	77218	0.266
400	77217	0.047
400	77210	0.028
400	77213	0.02
401	77216	0.503
401	77218	0.497
402	77218	0.667
402	77216	0.333
403	77218	0.908
403	77216	0.092
404	77218	0.993
405	77218	0.628
406	77218	0.87
406	77216	0.13
407	77218	0.752
407	77216	0.211
407	83218	0.037
408	77218	0.653
408	83218	0.214
408	77216	0.133
409	77218	0.656
409	83218	0.344
410	77218	0.551
410	83218	0.432
416	77218	0.966
417	77218	0.625
418	77218	0.357
426	77216	0.51
426	77213	0.286
426	77218	0.071
426	77217	0.069
426	77210	0.049
426	84618	0.016
427	77216	0.815
427	77213	0.068
427	77217	0.046
427	77218	0.033
427	77210	0.025
428	77216	0.823
428	77217	0.051
428	77218	0.032
428	77210	0.029
428	77213	0.019
429	77216	0.758
429	77217	0.072
429	77210	0.046
429	77213	0.018
429	77218	0.013
429	90017	0.008
430	77216	0.395
430	90016	0.222
430	77210	0.073
430	77217	0.06
430	90017	0.024
430	77213	0.012
430	77218	0.006
436	84618	1
437	84618	0.807
437	77218	0.098
438	84618	0.162
441	77218	0.523
441	84618	0.323
441	77216	0.154
442	77218	1
443	77218	0.434
444	77218	0.016
445	77210	0.063
445	77218	0.045
446	77213	0.5
446	77210	0.5
447	77213	0.5
447	77216	0.274
447	77210	0.226
448	77216	0.877
448	77213	0.123
449	77216	1
450	77216	0.841
450	77218	0.159
451	77210	0.402
451	77216	0.26
451	77213	0.228
451	77217	0.089
451	77218	0.022
452	77216	0.798
452	77213	0.097
452	77217	0.061
452	77210	0.036
452	77218	0.008
453	77216	0.833
453	77210	0.077
453	77213	0.035
453	77217	0.034
453	77218	0.021
454	77216	0.7
454	77210	0.135
454	77213	0.076
454	77217	0.055
454	77218	0.034
455	77216	0.655
455	77210	0.141
455	77213	0.121
455	77217	0.065
455	77218	0.012
456	77213	0.377
456	77217	0.248
456	77210	0.183
456	1090013	0.141
456	90013	0.026
456	77216	0.024
457	77217	0.245
457	77213	0.23
457	77210	0.197
457	77216	0.147
457	90013	0.122
457	1090013	0.045
457	1077213	0.016
458	77210	0.318
458	77213	0.236
458	90013	0.119
458	77217	0.113
458	77216	0.09
458	1077213	0.084
458	1090013	0.034
458	90016	0.007
459	77216	0.62
459	77217	0.129
459	77210	0.098
459	77213	0.096
459	90016	0.023
459	1090013	0.014
459	90013	0.013
459	77218	0.007
460	77216	0.727
460	77213	0.128
460	77210	0.107
460	77217	0.025
460	1077216	0.012
461	1090013	0.733
461	1090017	0.116
461	1090010	0.099
461	90017	0.044
461	1090001	0.007
462	1090013	0.694
462	90013	0.271
462	1090017	0.019
462	1090010	0.017
463	90013	0.496
463	90017	0.129
463	90018	0.103
463	90010	0.07
463	1090013	0.069
463	77213	0.056
463	77217	0.023
463	1090018	0.017
463	77216	0.016
463	90016	0.014
463	1090017	0.007
464	77213	0.431
464	77217	0.262
464	77216	0.188
464	77210	0.037
464	90018	0.036
464	90017	0.019
464	77218	0.016
464	90013	0.01
466	90013	0.638
466	90016	0.234
466	90017	0.115
466	90010	0.013
467	90016	0.686
467	90013	0.227
467	90017	0.056
467	90018	0.019
467	90010	0.012
468	90016	0.88
468	90017	0.062
468	90013	0.058
469	90016	0.76
469	90013	0.177
469	90017	0.05
469	90010	0.013
470	90016	0.417
470	90013	0.332
470	90017	0.156
470	90010	0.095
471	90018	0.324
471	90017	0.19
471	109918	0.11
471	1090018	0.105
471	1090017	0.05
471	90001	0.05
471	109917	0.038
471	90013	0.036
471	1090013	0.029
471	90016	0.023
471	5050	0.021
471	109913	0.009
471	1090001	0.008
471	90010	0.007
472	90018	0.365
472	90017	0.201
472	90013	0.113
472	90001	0.082
472	90016	0.068
472	109918	0.065
472	5050	0.037
472	90010	0.018
472	109917	0.018
472	1090017	0.016
472	1090018	0.011
472	1090013	0.007
473	90018	0.367
473	90017	0.243
473	90016	0.195
473	90013	0.076
473	1090018	0.034
473	90001	0.031
473	5050	0.025
473	90010	0.012
473	1090017	0.009
473	90051	0.008
474	90017	0.279
474	90018	0.265
474	90016	0.26
474	90013	0.087
474	90010	0.065
474	1090018	0.024
474	90051	0.012
474	5050	0.006
475	90017	0.297
475	90016	0.248
475	90018	0.245
475	90010	0.078
475	90013	0.063
475	1090018	0.044
475	1090013	0.011
475	90051	0.007
475	108616	0.007
476	90013	0.21
476	90018	0.193
476	90001	0.18
476	1109901	0.088
476	90017	0.071
476	1109918	0.047
476	5050	0.034
476	90010	0.028
476	109918	0.027
476	1090013	0.02
476	90051	0.02
476	1109917	0.016
476	109901	0.015
476	109917	0.013
476	1109913	0.013
476	1090017	0.011
476	109951	0.008
476	90016	0.006
477	90018	0.524
477	90017	0.125
477	90016	0.094
477	90013	0.052
477	90001	0.05
477	90051	0.043
477	5050	0.032
477	109918	0.031
477	90010	0.019
477	109951	0.016
477	1090017	0.008
477	1090018	0.006
478	90018	0.525
478	90016	0.239
478	1090017	0.089
478	90017	0.077
478	90051	0.03
478	1090018	0.022
478	90010	0.018
479	90018	0.418
479	90016	0.253
479	90017	0.112
479	90010	0.086
479	1090018	0.082
479	1090017	0.042
480	90018	0.45
480	90016	0.213
480	90010	0.135
480	1090018	0.124
480	90017	0.048
480	90013	0.009
481	90018	0.618
481	5050	0.321
481	90001	0.046
481	1090018	0.015
482	90018	0.429
482	5050	0.208
482	90013	0.105
482	90001	0.079
482	90016	0.077
482	90017	0.076
482	90010	0.027
483	90018	0.319
483	5050	0.207
483	90017	0.165
483	90013	0.146
483	90016	0.077
483	90001	0.075
483	90051	0.012
484	90018	0.331
484	90016	0.283
484	90017	0.241
484	90001	0.051
484	5050	0.045
484	90013	0.033
484	90010	0.015
485	90016	0.671
485	90017	0.141
485	90018	0.088
485	90010	0.086
485	90013	0.014
486	90018	0.492
486	90017	0.132
486	90001	0.101
486	90013	0.098
486	90016	0.08
486	5050	0.077
486	90051	0.015
486	90010	0.005
487	90018	0.452
487	90016	0.444
487	90017	0.087
487	5050	0.011
487	90051	0.006
488	90016	0.711
488	90018	0.219
488	90017	0.069
489	90016	0.481
489	90017	0.384
489	90018	0.135
490	90017	0.436
490	90016	0.352
490	90018	0.212
491	90018	0.289
491	90017	0.144
491	90013	0.108
491	109917	0.075
491	109918	0.073
491	90001	0.066
491	1090018	0.049
491	90016	0.032
491	90051	0.032
491	5050	0.028
491	1090001	0.026
491	1109901	0.024
491	1090013	0.017
491	1090017	0.015
491	109913	0.015
491	90010	0.007
492	90018	0.525
492	90016	0.2
492	90017	0.123
492	90013	0.094
492	90051	0.021
492	5050	0.017
492	90001	0.011
492	90010	0.009
493	90018	0.601
493	90016	0.165
493	90017	0.163
493	90013	0.04
493	5050	0.019
493	90051	0.012
494	90018	0.594
494	90017	0.209
494	90016	0.103
494	1090018	0.053
494	5050	0.041
495	90018	0.474
495	90017	0.253
495	90016	0.143
495	1090018	0.1
495	5050	0.023
495	90051	0.006
496	90018	0.511
496	5050	0.251
496	90001	0.057
496	1090001	0.055
496	1090018	0.031
496	90016	0.025
496	90051	0.024
496	1090013	0.017
496	90017	0.015
496	1090017	0.008
496	90010	0.007
497	90018	0.432
497	90016	0.119
497	1090001	0.118
497	5050	0.115
497	90017	0.074
497	1090018	0.044
497	90013	0.042
497	90001	0.021
497	1090013	0.014
497	1090017	0.01
497	1090051	0.01
498	90018	0.264
498	5050	0.232
498	90016	0.135
498	1090018	0.11
498	90017	0.094
498	1090001	0.08
498	90013	0.053
498	90001	0.018
498	1090017	0.008
498	1090013	0.005
499	90018	0.425
499	5050	0.174
499	90017	0.136
499	90001	0.087
499	1090018	0.072
499	90016	0.047
499	90013	0.044
499	1090001	0.015
500	90018	0.427
500	90016	0.189
500	5050	0.137
500	90017	0.128
500	1090001	0.06
500	90001	0.052
500	1090018	0.006
501	5050	0.329
501	90001	0.285
501	90017	0.154
501	90018	0.147
501	90013	0.085
502	90018	0.493
502	90001	0.229
502	5050	0.215
502	90017	0.055
502	90051	0.008
503	90018	0.672
503	5050	0.26
503	90001	0.06
503	90016	0.009
504	90018	0.33
504	90016	0.195
504	90001	0.183
504	90013	0.165
504	90017	0.063
504	5050	0.036
504	90051	0.018
504	90010	0.009
505	90018	0.525
505	90016	0.294
505	90001	0.083
505	90017	0.068
505	90013	0.024
505	90051	0.006
506	90018	0.33
506	90017	0.181
506	1090013	0.133
506	1090017	0.102
506	1090018	0.083
506	90013	0.068
506	1090016	0.034
506	90016	0.03
506	1090010	0.024
506	90001	0.009
506	90010	0.005
507	90018	0.297
507	90017	0.296
507	90016	0.141
507	90013	0.137
507	1090013	0.045
507	1090017	0.027
507	1090018	0.024
507	90001	0.016
507	1090016	0.009
507	90010	0.007
508	90018	0.55
508	90017	0.262
508	90013	0.124
508	90016	0.063
509	90018	0.584
509	90017	0.178
509	90013	0.103
509	90016	0.101
509	90051	0.019
509	5050	0.016
510	90018	0.554
510	90017	0.231
510	90016	0.19
510	90013	0.025
511	109918	0.199
511	90018	0.188
511	5050	0.14
511	109917	0.096
511	90013	0.076
511	109951	0.075
511	90001	0.063
511	109913	0.059
511	90017	0.035
511	1109917	0.019
511	1109910	0.016
511	109916	0.012
511	109901	0.01
511	1109913	0.007
511	1109918	0.005
512	1109913	0.325
512	1109910	0.164
512	109917	0.147
512	109918	0.101
512	1109918	0.098
512	109913	0.078
512	1109917	0.052
512	1109916	0.02
512	5050	0.008
512	1109951	0.007
513	1109913	0.424
513	1109917	0.24
513	1109916	0.099
513	109918	0.075
513	1109918	0.074
513	109913	0.05
513	109917	0.023
513	5050	0.009
513	109916	0.006
514	106916	0.414
514	109916	0.174
514	1109916	0.116
514	106917	0.077
514	106918	0.075
514	109918	0.051
514	1109917	0.048
514	109917	0.033
514	1109918	0.011
515	106916	0.764
515	106917	0.186
515	106918	0.05
516	109918	0.563
516	5050	0.268
516	109917	0.071
516	109913	0.027
516	90017	0.026
516	90013	0.016
516	109951	0.012
516	90018	0.01
516	109901	0.007
517	109918	0.539
517	5050	0.333
517	109917	0.044
517	109916	0.031
517	109951	0.019
517	90017	0.016
517	90018	0.011
517	90013	0.006
518	109918	0.399
518	109916	0.313
518	5050	0.189
518	109917	0.056
518	109901	0.034
518	109951	0.008
519	1109916	0.308
519	109916	0.229
519	109918	0.226
519	1109918	0.096
519	5050	0.065
519	109917	0.03
519	1109917	0.025
519	109901	0.012
519	109913	0.008
520	109916	0.592
520	1109916	0.323
520	109918	0.059
520	109917	0.019
520	109951	0.006
521	90018	0.263
521	109901	0.26
521	109917	0.144
521	109918	0.121
521	109913	0.109
521	90017	0.035
521	5050	0.02
521	109951	0.019
521	109910	0.015
521	90016	0.013
522	109918	0.434
522	90018	0.249
522	109951	0.081
522	109901	0.078
522	109917	0.072
522	5050	0.038
522	90017	0.034
522	90016	0.009
522	90051	0.005
523	90018	0.523
523	109918	0.167
523	109951	0.085
523	5050	0.073
523	90051	0.068
523	90016	0.056
523	90017	0.029
524	90018	0.306
524	90017	0.303
524	90016	0.248
524	5050	0.041
524	1090018	0.032
524	90051	0.031
524	1090013	0.022
524	1090017	0.019
525	90018	0.31
525	90016	0.215
525	90017	0.172
525	90013	0.089
525	90051	0.05
525	1090013	0.042
525	5050	0.041
525	1090018	0.032
525	1090010	0.023
525	90010	0.015
525	90001	0.011
526	77213	0.332
526	77210	0.314
526	77216	0.18
526	77217	0.142
526	77218	0.031
527	77216	0.544
527	77213	0.219
527	77217	0.149
527	77210	0.069
527	77218	0.02
528	77216	0.744
528	77217	0.142
528	77213	0.072
528	77210	0.036
528	77218	0.006
529	77216	0.762
529	77217	0.164
529	77213	0.065
529	77218	0.009
530	77216	0.792
530	77217	0.181
530	77213	0.018
530	77210	0.009
