Specification of landscape units										
LU-ID[id]	No._of_TC[-]	TC1[id]	TC2[id]	TC3[id]	kfsu[mm/d]	length[m]	meandep[mm]	maxdep[mm]	riverbed[mm]	gwflag[0/1]	gw_dist[mm]	frgw_delay[day]
1	5	5	4	3	2	1	10.0	911.1	1000.0	3000.0	1500.0	1	1000.0	8.99494091251041	
2	5	10	9	8	7	6	10.0	1012.0	1000.0	3000.0	1500.0	1	1000.0	7.21018228283825	
3	5	15	14	13	12	11	10.0	2245.3	1000.0	3000.0	1500.0	1	1000.0	19.5114335931062	
4	5	20	19	18	17	16	10.0	1105.6	1000.0	3000.0	1500.0	1	1000.0	8.09949572323834	
5	5	25	24	23	22	21	10.0	2177.3	1000.0	3000.0	1500.0	1	1000.0	22.743909590438	
6	5	30	29	28	27	26	10.0	3544.4	1000.0	3000.0	1500.0	1	1000.0	48.4939276125734	
7	5	35	34	33	32	31	10.0	2243.4	1000.0	3000.0	1500.0	1	1000.0	17.6419156894207	
8	5	40	39	38	37	36	10.0	3848.2	1000.0	3000.0	1500.0	1	1000.0	35.0636969124057	
10	5	50	49	48	47	46	10.0	964.6	1000.0	3000.0	1500.0	1	1000.0	8.15272932325175	
11	5	55	54	53	52	51	10.0	796.9	1000.0	3000.0	1500.0	1	1000.0	6.66239256765455	
13	5	65	64	63	62	61	10.0	3552.8	1000.0	3000.0	1500.0	1	1000.0	35.9948145576943	
15	5	75	74	73	72	71	10.0	1987.4	1000.0	3000.0	1500.0	1	1000.0	9.80078467850999	
16	5	80	79	78	77	76	10.0	2083.1	1000.0	3000.0	1500.0	1	1000.0	10.659743888439	
17	5	85	84	83	82	81	10.0	3276.7	1000.0	3000.0	1500.0	1	1000.0	17.9050602055787	
18	5	90	89	88	87	86	10.0	1065.0	1000.0	3000.0	1500.0	1	1000.0	4.81004179776671	
21	5	105	104	103	102	101	10.0	2225.2	1000.0	3000.0	1500.0	1	1000.0	9.85974554084901	
24	5	120	119	118	117	116	10.0	770.0	1000.0	3000.0	1500.0	1	1000.0	2.40386623689191	
26	5	130	129	128	127	126	10.0	1038.7	1000.0	3000.0	1500.0	1	1000.0	4.68194890770301	
27	5	135	134	133	132	131	10.0	2169.9	1000.0	3000.0	1500.0	1	1000.0	8.02554718553945	
28	5	140	139	138	137	136	10.0	2130.5	1000.0	3000.0	1500.0	1	1000.0	6.53459329429581	
29	5	145	144	143	142	141	10.0	1155.6	1000.0	3000.0	1500.0	1	1000.0	5.34384325391499	
30	5	150	149	148	147	146	10.0	1190.0	1000.0	3000.0	1500.0	1	1000.0	8.28335791413232	
31	5	155	154	153	152	151	10.0	1005.0	1000.0	3000.0	1500.0	1	1000.0	3.29115794293914	
32	5	160	159	158	157	156	10.0	934.1	1000.0	3000.0	1500.0	1	1000.0	3.12028997337542	
33	5	165	164	163	162	161	10.0	2184.7	1000.0	3000.0	1500.0	1	1000.0	8.82315552371996	
34	5	170	169	168	167	166	10.0	2087.4	1000.0	3000.0	1500.0	1	1000.0	7.49610147880145	
36	5	180	179	178	177	176	10.0	1059.2	1000.0	3000.0	1500.0	1	1000.0	3.1615227122955	
37	5	185	184	183	182	181	10.0	922.5	1000.0	3000.0	1500.0	1	1000.0	3.90661804818367	
38	5	190	189	188	187	186	10.0	3564.3	1000.0	3000.0	1500.0	1	1000.0	16.7892440123679	
39	3	194	192	191	10.0	3537.4	1000.0	3000.0	1500.0	1	1000.0	13.7624665906772	
40	5	200	199	198	197	196	10.0	3372.4	1000.0	3000.0	1500.0	1	1000.0	14.4721200475044	
41	5	205	204	203	202	201	10.0	3041.6	1000.0	3000.0	1500.0	1	1000.0	9.23215323331713	
42	5	210	209	208	207	206	10.0	2193.7	1000.0	3000.0	1500.0	1	1000.0	7.47847468841477	
43	5	215	214	213	212	211	10.0	1135.0	1000.0	3000.0	1500.0	1	1000.0	3.2377125704402	
48	5	240	239	238	237	236	10.0	3332.4	1000.0	3000.0	1500.0	1	1000.0	5.69803828651631	
53	5	265	264	263	262	261	10.0	1974.9	1000.0	3000.0	1500.0	1	1000.0	9.55525656466174	
54	5	270	269	268	267	266	10.0	2336.9	1000.0	3000.0	1500.0	1	1000.0	12.676850852043	
55	5	275	274	273	272	271	10.0	2050.3	1000.0	3000.0	1500.0	1	1000.0	6.63919807753829	
58	5	290	289	288	287	286	10.0	925.6	1000.0	3000.0	1500.0	1	1000.0	2.92015549585312	
59	5	295	294	293	292	291	10.0	941.2	1000.0	3000.0	1500.0	1	1000.0	3.67227989747217	
60	5	300	299	298	297	296	10.0	1042.5	1000.0	3000.0	1500.0	1	1000.0	3.35606558242582	
61	5	305	304	303	302	301	10.0	3359.9	1000.0	3000.0	1500.0	1	1000.0	4.91908591309391	
62	5	310	309	308	307	306	10.0	2101.2	1000.0	3000.0	1500.0	1	1000.0	6.16337147202322	
63	5	315	314	313	312	311	10.0	2083.3	1000.0	3000.0	1500.0	1	1000.0	10.7060883089085	
64	5	320	319	318	317	316	10.0	3312.4	1000.0	3000.0	1500.0	1	1000.0	12.2377638068731	
71	5	355	354	353	352	351	10.0	4179.4	1000.0	3000.0	1500.0	1	1000.0	40.1718203995342	
72	5	360	359	358	357	356	10.0	2049.3	1000.0	3000.0	1500.0	1	1000.0	5.4745189485346	
76	5	380	379	378	377	376	10.0	1126.3	1000.0	3000.0	1500.0	1	1000.0	2.2939110116375	
77	5	385	384	383	382	381	10.0	3161.9	1000.0	3000.0	1500.0	1	1000.0	7.9232035788578	
78	5	390	389	388	387	386	10.0	2049.9	1000.0	3000.0	1500.0	1	1000.0	6.19081645451316	
79	5	395	394	393	392	391	10.0	1090.9	1000.0	3000.0	1500.0	1	1000.0	3.30061500556443	
80	5	400	399	398	397	396	10.0	1036.2	1000.0	3000.0	1500.0	1	1000.0	2.81714180649151	
86	5	430	429	428	427	426	10.0	1230.0	1000.0	3000.0	1500.0	1	1000.0	3.39319034379658	
91	5	455	454	453	452	451	10.0	3289.9	1000.0	3000.0	1500.0	1	1000.0	16.2156242071667	
92	5	460	459	458	457	456	10.0	2172.4	1000.0	3000.0	1500.0	1	1000.0	13.6335114121949	
95	5	475	474	473	472	471	10.0	2203.2	1000.0	3000.0	1500.0	1	1000.0	10.0943646832717	
96	5	480	479	478	477	476	10.0	3476.2	1000.0	3000.0	1500.0	1	1000.0	20.6391166115658	
97	5	485	484	483	482	481	10.0	2212.4	1000.0	3000.0	1500.0	1	1000.0	10.343907553064	
99	5	495	494	493	492	491	10.0	2186.9	1000.0	3000.0	1500.0	1	1000.0	9.283152316364	
100	5	500	499	498	497	496	10.0	965.0	1000.0	3000.0	1500.0	1	1000.0	6.19674334232501	
101	5	505	504	503	502	501	10.0	2234.9	1000.0	3000.0	1500.0	1	1000.0	18.9691281778809	
102	5	510	509	508	507	506	10.0	935.0	1000.0	3000.0	1500.0	1	1000.0	3.57795552460347	
105	5	525	524	523	522	521	10.0	3749.9	1000.0	3000.0	1500.0	1	1000.0	27.2348286401587	
106	5	530	529	528	527	526	10.0	547.5	1000.0	3000.0	1500.0	1	1000.0	2.09556952334519	
