discharge [m?/s]									
YYYY	MM	DD	HH	480	0	0	0	0	0
YYYY	MM	DD	HH	284792	0	0	0	0	0
YYYY	MM	DD	HH	4674623	0	0	0	0	0
YYYY	MM	DD	HH	Capella	Cabecera	Carrasquero	Ceguera	Villacarli	Lascuarre
2009	1	1	0	4.54	-9999	-9999	-9999	-9999	-9999
2009	1	2	0	4.29	-9999	-9999	-9999	-9999	-9999
2009	1	3	0	3.83	-9999	-9999	-9999	-9999	-9999
2009	1	4	0	3.36	-9999	-9999	-9999	-9999	-9999
2009	1	5	0	2.83	-9999	-9999	-9999	-9999	-9999
2009	1	6	0	2.68	-9999	-9999	-9999	-9999	-9999
2009	1	7	0	2.35	-9999	-9999	-9999	-9999	-9999
2009	1	8	0	2.08	-9999	-9999	-9999	-9999	-9999
2009	1	9	0	2.09	-9999	-9999	-9999	-9999	-9999
2009	1	10	0	2.18	-9999	-9999	-9999	-9999	-9999
2009	1	11	0	2.02	-9999	-9999	-9999	-9999	-9999
2009	1	12	0	1.75	-9999	-9999	-9999	-9999	-9999
2009	1	13	0	1.67	-9999	-9999	-9999	-9999	-9999
2009	1	14	0	1.63	-9999	-9999	-9999	-9999	-9999
2009	1	15	0	1.55	-9999	-9999	-9999	-9999	-9999
2009	1	16	0	1.48	-9999	-9999	-9999	-9999	-9999
2009	1	17	0	1.45	-9999	-9999	-9999	-9999	-9999
2009	1	18	0	1.4	-9999	-9999	-9999	-9999	-9999
2009	1	19	0	1.72	-9999	-9999	-9999	-9999	-9999
2009	1	20	0	8.94	-9999	-9999	-9999	-9999	-9999
2009	1	21	0	6.14	-9999	-9999	-9999	-9999	-9999
2009	1	22	0	4.74	-9999	-9999	-9999	-9999	-9999
2009	1	23	0	7.33	-9999	-9999	-9999	-9999	-9999
2009	1	24	0	20.26	-9999	-9999	-9999	-9999	-9999
2009	1	25	0	16.16	-9999	-9999	-9999	-9999	-9999
2009	1	26	0	11.92	-9999	-9999	-9999	-9999	-9999
2009	1	27	0	10	-9999	-9999	-9999	-9999	-9999
2009	1	28	0	8.38	-9999	-9999	-9999	-9999	-9999
2009	1	29	0	7.6	-9999	-9999	-9999	-9999	-9999
2009	1	30	0	6.79	-9999	-9999	-9999	-9999	-9999
2009	1	31	0	6.44	-9999	-9999	-9999	-9999	-9999
2009	2	1	0	6.41	-9999	-9999	-9999	-9999	-9999
2009	2	2	0	9.37	-9999	-9999	-9999	-9999	-9999
2009	2	3	0	8.63	-9999	-9999	-9999	-9999	-9999
2009	2	4	0	8.44	-9999	-9999	-9999	-9999	-9999
2009	2	5	0	8.21	-9999	-9999	-9999	-9999	-9999
2009	2	6	0	8.61	-9999	-9999	-9999	-9999	-9999
2009	2	7	0	8.72	-9999	-9999	-9999	-9999	-9999
2009	2	8	0	7.27	-9999	-9999	-9999	-9999	-9999
2009	2	9	0	6.31	-9999	-9999	-9999	-9999	-9999
2009	2	10	0	6.11	-9999	-9999	-9999	-9999	-9999
2009	2	11	0	6.37	-9999	-9999	-9999	-9999	-9999
2009	2	12	0	6.43	-9999	-9999	-9999	-9999	-9999
2009	2	13	0	5.96	-9999	-9999	-9999	-9999	-9999
2009	2	14	0	5.74	-9999	-9999	-9999	-9999	-9999
2009	2	15	0	5.66	-9999	-9999	-9999	-9999	-9999
2009	2	16	0	5.43	-9999	-9999	-9999	-9999	-9999
2009	2	17	0	4.98	-9999	-9999	-9999	-9999	-9999
2009	2	18	0	4.71	-9999	-9999	-9999	-9999	-9999
2009	2	19	0	4.54	-9999	-9999	-9999	-9999	-9999
2009	2	20	0	4.33	-9999	-9999	-9999	-9999	-9999
2009	2	21	0	4.19	-9999	-9999	-9999	-9999	-9999
2009	2	22	0	3.93	-9999	-9999	-9999	-9999	-9999
2009	2	23	0	3.84	-9999	-9999	-9999	-9999	-9999
2009	2	24	0	3.84	-9999	-9999	-9999	-9999	-9999
2009	2	25	0	4.05	-9999	-9999	-9999	-9999	-9999
2009	2	26	0	4.12	-9999	-9999	-9999	-9999	-9999
2009	2	27	0	4.27	-9999	-9999	-9999	-9999	-9999
2009	2	28	0	4.5	-9999	-9999	-9999	-9999	-9999
2009	3	1	0	4.62	-9999	-9999	-9999	-9999	-9999
2009	3	2	0	4.5	-9999	-9999	-9999	-9999	-9999
2009	3	3	0	4.75	-9999	-9999	-9999	-9999	-9999
2009	3	4	0	6.07	-9999	-9999	-9999	-9999	-9999
2009	3	5	0	6.06	-9999	-9999	-9999	-9999	-9999
2009	3	6	0	5.71	-9999	-9999	-9999	-9999	-9999
2009	3	7	0	5.2	-9999	-9999	-9999	-9999	-9999
2009	3	8	0	5.4	-9999	-9999	-9999	-9999	-9999
2009	3	9	0	6.05	-9999	-9999	-9999	-9999	-9999
2009	3	10	0	6.31	-9999	-9999	-9999	-9999	-9999
2009	3	11	0	6.33	-9999	-9999	-9999	-9999	-9999
2009	3	12	0	6.32	-9999	-9999	-9999	-9999	-9999
2009	3	13	0	6.64	-9999	-9999	-9999	-9999	-9999
2009	3	14	0	7.27	-9999	-9999	-9999	-9999	-9999
2009	3	15	0	7.69	-9999	-9999	-9999	-9999	-9999
2009	3	16	0	7.64	-9999	-9999	-9999	-9999	-9999
2009	3	17	0	6.89	-9999	-9999	-9999	-9999	-9999
2009	3	18	0	6.38	-9999	-9999	-9999	-9999	-9999
2009	3	19	0	6.23	-9999	-9999	-9999	-9999	-9999
2009	3	20	0	5.88	-9999	-9999	-9999	-9999	-9999
2009	3	21	0	5.16	-9999	-9999	-9999	-9999	-9999
2009	3	22	0	4.47	-9999	-9999	-9999	-9999	-9999
2009	3	23	0	3.99	-9999	-9999	-9999	-9999	-9999
2009	3	24	0	3.81	-9999	-9999	-9999	-9999	-9999
2009	3	25	0	3.56	-9999	-9999	-9999	-9999	-9999
2009	3	26	0	3.34	-9999	-9999	-9999	-9999	-9999
2009	3	27	0	3.27	-9999	-9999	-9999	-9999	-9999
2009	3	28	0	3.58	-9999	-9999	-9999	-9999	-9999
2009	3	29	0	4.32	-9999	-9999	-9999	-9999	-9999
2009	3	30	0	3.42	-9999	-9999	-9999	-9999	-9999
2009	3	31	0	3.06	-9999	-9999	-9999	-9999	-9999
2009	4	1	0	2.82	-9999	-9999	-9999	-9999	-9999
2009	4	2	0	2.7	-9999	-9999	-9999	-9999	-9999
2009	4	3	0	2.69	-9999	-9999	-9999	-9999	-9999
2009	4	4	0	2.56	-9999	-9999	-9999	-9999	-9999
2009	4	5	0	2.6	-9999	-9999	-9999	-9999	-9999
2009	4	6	0	2.79	-9999	-9999	-9999	-9999	-9999
2009	4	7	0	18.38	-9999	-9999	-9999	-9999	-9999
2009	4	8	0	21.13	-9999	-9999	-9999	-9999	-9999
2009	4	9	0	14.11	-9999	-9999	-9999	-9999	-9999
2009	4	10	0	12.52	-9999	-9999	-9999	-9999	-9999
2009	4	11	0	32.23	-9999	-9999	-9999	-9999	-9999
2009	4	12	0	23.19	-9999	-9999	-9999	-9999	-9999
2009	4	13	0	16.79	-9999	-9999	-9999	-9999	-9999
2009	4	14	0	13.83	-9999	-9999	-9999	-9999	-9999
2009	4	15	0	19.83	-9999	-9999	-9999	-9999	-9999
2009	4	16	0	20.02	-9999	-9999	-9999	-9999	-9999
2009	4	17	0	17.96	-9999	-9999	-9999	-9999	-9999
2009	4	18	0	15.51	-9999	-9999	-9999	-9999	-9999
2009	4	19	0	13.54	-9999	-9999	-9999	-9999	-9999
2009	4	20	0	14.49	-9999	-9999	-9999	-9999	-9999
2009	4	21	0	11.91	-9999	-9999	-9999	-9999	-9999
2009	4	22	0	10.69	-9999	-9999	-9999	-9999	-9999
2009	4	23	0	10.22	-9999	-9999	-9999	-9999	-9999
2009	4	24	0	9.95	-9999	-9999	-9999	-9999	-9999
2009	4	25	0	9.74	-9999	-9999	-9999	-9999	-9999
2009	4	26	0	19.18	-9999	-9999	-9999	-9999	-9999
2009	4	27	0	19.26	-9999	-9999	-9999	-9999	-9999
2009	4	28	0	16.48	-9999	-9999	-9999	-9999	-9999
2009	4	29	0	13.84	-9999	-9999	-9999	-9999	-9999
2009	4	30	0	12.12	-9999	-9999	-9999	-9999	-9999
2009	5	1	0	11.36	-9999	-9999	-9999	-9999	-9999
2009	5	2	0	10.34	-9999	-9999	-9999	-9999	-9999
2009	5	3	0	9.83	-9999	-9999	-9999	-9999	-9999
2009	5	4	0	9.44	-9999	-9999	-9999	-9999	-9999
2009	5	5	0	8.72	-9999	-9999	-9999	-9999	-9999
2009	5	6	0	8.73	-9999	-9999	-9999	-9999	-9999
2009	5	7	0	8.21	-9999	-9999	-9999	-9999	-9999
2009	5	8	0	8.57	-9999	-9999	-9999	-9999	-9999
2009	5	9	0	7.84	-9999	-9999	-9999	-9999	-9999
2009	5	10	0	7.44	-9999	-9999	-9999	-9999	-9999
2009	5	11	0	8.92	-9999	-9999	-9999	-9999	-9999
2009	5	12	0	9.69	-9999	-9999	-9999	-9999	-9999
2009	5	13	0	8.68	-9999	-9999	-9999	-9999	-9999
2009	5	14	0	10.87	-9999	-9999	-9999	-9999	-9999
2009	5	15	0	11.63	-9999	-9999	-9999	-9999	-9999
2009	5	16	0	8.83	-9999	-9999	-9999	-9999	-9999
2009	5	17	0	7.49	-9999	-9999	-9999	-9999	-9999
2009	5	18	0	7.29	-9999	-9999	-9999	-9999	-9999
2009	5	19	0	5.95	-9999	-9999	-9999	-9999	-9999
2009	5	20	0	5.44	-9999	-9999	-9999	-9999	-9999
2009	5	21	0	5.08	-9999	-9999	-9999	-9999	-9999
2009	5	22	0	4.78	-9999	-9999	-9999	-9999	-9999
2009	5	23	0	4.29	-9999	-9999	-9999	-9999	-9999
2009	5	24	0	4.08	-9999	-9999	-9999	-9999	-9999
2009	5	25	0	3.65	-9999	-9999	-9999	-9999	-9999
2009	5	26	0	3.29	-9999	-9999	-9999	-9999	-9999
2009	5	27	0	2.86	-9999	-9999	-9999	-9999	-9999
2009	5	28	0	2.62	-9999	-9999	-9999	-9999	-9999
2009	5	29	0	2.46	-9999	-9999	-9999	-9999	-9999
2009	5	30	0	2.32	-9999	-9999	-9999	-9999	-9999
2009	5	31	0	2.88	-9999	-9999	-9999	-9999	-9999
2009	6	1	0	2.54	-9999	-9999	-9999	-9999	-9999
2009	6	2	0	2.25	-9999	-9999	-9999	-9999	-9999
2009	6	3	0	2.01	-9999	-9999	-9999	-9999	-9999
2009	6	4	0	1.75	-9999	-9999	-9999	-9999	-9999
2009	6	5	0	2.12	-9999	-9999	-9999	-9999	-9999
2009	6	6	0	3.89	-9999	-9999	-9999	-9999	-9999
2009	6	7	0	2.76	-9999	-9999	-9999	-9999	-9999
2009	6	8	0	2.3	-9999	-9999	-9999	-9999	-9999
2009	6	9	0	2.34	-9999	-9999	-9999	-9999	-9999
2009	6	10	0	2.02	-9999	-9999	-9999	-9999	-9999
2009	6	11	0	1.67	-9999	-9999	-9999	-9999	-9999
2009	6	12	0	1.51	-9999	-9999	-9999	-9999	-9999
2009	6	13	0	1.41	-9999	-9999	-9999	-9999	-9999
2009	6	14	0	1.32	-9999	-9999	-9999	-9999	-9999
2009	6	15	0	1.27	-9999	-9999	-9999	-9999	-9999
2009	6	16	0	1.28	-9999	-9999	-9999	-9999	-9999
2009	6	17	0	1.29	-9999	-9999	-9999	-9999	-9999
2009	6	18	0	1.13	-9999	-9999	-9999	-9999	-9999
2009	6	19	0	1.06	-9999	-9999	-9999	-9999	-9999
2009	6	20	0	1.02	-9999	-9999	-9999	-9999	-9999
2009	6	21	0	0.9	-9999	-9999	-9999	-9999	-9999
2009	6	22	0	0.86	-9999	-9999	-9999	-9999	-9999
2009	6	23	0	0.82	-9999	-9999	-9999	-9999	-9999
2009	6	24	0	0.81	-9999	-9999	-9999	-9999	-9999
2009	6	25	0	1.22	-9999	-9999	-9999	-9999	-9999
2009	6	26	0	1.25	-9999	-9999	-9999	-9999	-9999
2009	6	27	0	0.95	-9999	-9999	-9999	-9999	-9999
2009	6	28	0	0.85	-9999	-9999	-9999	-9999	-9999
2009	6	29	0	0.78	-9999	-9999	-9999	-9999	-9999
2009	6	30	0	0.75	-9999	-9999	-9999	-9999	-9999
2009	7	1	0	0.74	-9999	-9999	-9999	-9999	-9999
2009	7	2	0	0.69	-9999	-9999	-9999	-9999	-9999
2009	7	3	0	0.64	-9999	-9999	-9999	-9999	-9999
2009	7	4	0	0.68	-9999	-9999	-9999	-9999	-9999
2009	7	5	0	3.01	-9999	-9999	-9999	-9999	-9999
2009	7	6	0	1.91	-9999	-9999	-9999	-9999	-9999
2009	7	7	0	16.69	-9999	-9999	-9999	-9999	-9999
2009	7	8	0	4.31	-9999	-9999	-9999	-9999	-9999
2009	7	9	0	2.51	-9999	-9999	-9999	-9999	-9999
2009	7	10	0	2.09	-9999	-9999	-9999	-9999	-9999
2009	7	11	0	1.94	-9999	-9999	-9999	-9999	-9999
2009	7	12	0	1.94	-9999	-9999	-9999	-9999	-9999
2009	7	13	0	1.94	-9999	-9999	-9999	-9999	-9999
2009	7	14	0	1.94	-9999	-9999	-9999	-9999	-9999
2009	7	15	0	1.94	-9999	-9999	-9999	-9999	-9999
2009	7	16	0	1.94	-9999	-9999	-9999	-9999	-9999
2009	7	17	0	1.88	-9999	-9999	-9999	-9999	-9999
2009	7	18	0	1.79	-9999	-9999	-9999	-9999	-9999
2009	7	19	0	1.79	-9999	-9999	-9999	-9999	-9999
2009	7	20	0	1.79	-9999	-9999	-9999	-9999	-9999
2009	7	21	0	1.79	-9999	-9999	-9999	-9999	-9999
2009	7	22	0	1.79	-9999	-9999	-9999	-9999	-9999
2009	7	23	0	1.79	-9999	-9999	-9999	-9999	-9999
2009	7	24	0	1.79	-9999	-9999	-9999	-9999	-9999
2009	7	25	0	1.72	-9999	-9999	-9999	-9999	-9999
2009	7	26	0	1.65	-9999	-9999	-9999	-9999	-9999
2009	7	27	0	1.65	-9999	-9999	-9999	-9999	-9999
2009	7	28	0	1.65	-9999	-9999	-9999	-9999	-9999
2009	7	29	0	1.65	-9999	-9999	-9999	-9999	-9999
2009	7	30	0	1.65	-9999	-9999	-9999	-9999	-9999
2009	7	31	0	1.65	-9999	-9999	-9999	-9999	-9999
2009	8	1	0	1.83	-9999	-9999	-9999	-9999	-9999
2009	8	2	0	2.02	-9999	-9999	-9999	-9999	-9999
2009	8	3	0	1.94	-9999	-9999	-9999	-9999	-9999
2009	8	4	0	1.94	-9999	-9999	-9999	-9999	-9999
2009	8	5	0	1.94	-9999	-9999	-9999	-9999	-9999
2009	8	6	0	1.94	-9999	-9999	-9999	-9999	-9999
2009	8	7	0	1.94	-9999	-9999	-9999	-9999	-9999
2009	8	8	0	1.94	-9999	-9999	-9999	-9999	-9999
2009	8	9	0	1.99	-9999	-9999	-9999	-9999	-9999
2009	8	10	0	1.78	-9999	-9999	-9999	-9999	-9999
2009	8	11	0	1.75	-9999	-9999	-9999	-9999	-9999
2009	8	12	0	1.49	-9999	-9999	-9999	-9999	-9999
2009	8	13	0	1.23	-9999	-9999	-9999	-9999	-9999
2009	8	14	0	1.02	-9999	-9999	-9999	-9999	-9999
2009	8	15	0	0.84	-9999	-9999	-9999	-9999	-9999
2009	8	16	0	0.69	-9999	-9999	-9999	-9999	-9999
2009	8	17	0	0.57	-9999	-9999	-9999	-9999	-9999
2009	8	18	0	0.5	-9999	-9999	-9999	-9999	-9999
2009	8	19	0	0.46	-9999	-9999	-9999	-9999	-9999
2009	8	20	0	0.43	-9999	-9999	-9999	-9999	-9999
2009	8	21	0	0.43	-9999	-9999	-9999	-9999	-9999
2009	8	22	0	0.43	-9999	-9999	-9999	-9999	-9999
2009	8	23	0	0.43	-9999	-9999	-9999	-9999	-9999
2009	8	24	0	0.43	-9999	-9999	-9999	-9999	-9999
2009	8	25	0	0.46	-9999	-9999	-9999	-9999	-9999
2009	8	26	0	0.46	-9999	-9999	-9999	-9999	-9999
2009	8	27	0	0.43	-9999	-9999	-9999	-9999	-9999
2009	8	28	0	0.43	-9999	-9999	-9999	-9999	-9999
2009	8	29	0	0.49	-9999	-9999	-9999	-9999	-9999
2009	8	30	0	0.44	-9999	-9999	-9999	-9999	-9999
2009	8	31	0	0.43	-9999	-9999	-9999	-9999	-9999
2009	9	1	0	0.43	-9999	-9999	-9999	-9999	-9999
2009	9	2	0	0.99	-9999	-9999	-9999	-9999	-9999
2009	9	3	0	0.54	-9999	-9999	-9999	-9999	-9999
2009	9	4	0	0.45	-9999	-9999	-9999	-9999	-9999
2009	9	5	0	0.42	-9999	-9999	-9999	-9999	-9999
2009	9	6	0	0.38	-9999	-9999	-9999	-9999	-9999
2009	9	7	0	0.38	-9999	-9999	-9999	-9999	-9999
2009	9	8	0	0.38	-9999	-9999	-9999	-9999	-9999
2009	9	9	0	0.38	-9999	-9999	-9999	-9999	-9999
2009	9	10	0	0.37	-9999	-9999	-9999	-9999	-9999
2009	9	11	0	1.75	-9999	-9999	-9999	-9999	-9999
2009	9	12	0	0.78	-9999	-9999	-9999	-9999	-9999
2009	9	13	0	0.58	-9999	-9999	-9999	-9999	-9999
2009	9	14	0	0.92	-9999	-9999	-9999	-9999	-9999
2009	9	15	0	0.61	-9999	-9999	-9999	-9999	-9999
2009	9	16	0	0.51	-9999	-9999	-9999	-9999	-9999
2009	9	17	0	0.47	-9999	-9999	-9999	-9999	-9999
2009	9	18	0	1.9	-9999	-9999	-9999	-9999	-9999
2009	9	19	0	1.37	-9999	-9999	-9999	-9999	-9999
2009	9	20	0	0.78	-9999	-9999	-9999	-9999	-9999
2009	9	21	0	0.7	-9999	-9999	-9999	-9999	-9999
2009	9	22	0	0.7	-9999	-9999	-9999	-9999	-9999
2009	9	23	0	0.7	-9999	-9999	-9999	-9999	-9999
2009	9	24	0	0.7	-9999	-9999	-9999	-9999	-9999
2009	9	25	0	0.7	-9999	-9999	-9999	-9999	-9999
2009	9	26	0	0.7	-9999	-9999	-9999	-9999	-9999
2009	9	27	0	0.7	-9999	-9999	-9999	-9999	-9999
2009	9	28	0	0.66	-9999	-9999	-9999	-9999	-9999
2009	9	29	0	0.63	-9999	-9999	-9999	-9999	-9999
2009	9	30	0	0.63	-9999	-9999	-9999	-9999	-9999
2009	10	1	0	0.54	-9999	-9999	-9999	-9999	-9999
2009	10	2	0	0.45	-9999	-9999	-9999	-9999	-9999
2009	10	3	0	0.43	-9999	-9999	-9999	-9999	-9999
2009	10	4	0	0.43	-9999	-9999	-9999	-9999	-9999
2009	10	5	0	0.43	-9999	-9999	-9999	-9999	-9999
2009	10	6	0	0.38	-9999	-9999	-9999	-9999	-9999
2009	10	7	0	0.38	-9999	-9999	-9999	-9999	-9999
2009	10	8	0	0.54	-9999	-9999	-9999	-9999	-9999
2009	10	9	0	0.5	-9999	-9999	-9999	-9999	-9999
2009	10	10	0	0.49	-9999	-9999	-9999	-9999	-9999
2009	10	11	0	0.48	-9999	-9999	-9999	-9999	-9999
2009	10	12	0	0.43	-9999	-9999	-9999	-9999	-9999
2009	10	13	0	0.43	-9999	-9999	-9999	-9999	-9999
2009	10	14	0	0.43	-9999	-9999	-9999	-9999	-9999
2009	10	15	0	0.43	-9999	-9999	-9999	-9999	-9999
2009	10	16	0	0.43	-9999	-9999	-9999	-9999	-9999
2009	10	17	0	0.43	-9999	-9999	-9999	-9999	-9999
2009	10	18	0	0.43	-9999	-9999	-9999	-9999	-9999
2009	10	19	0	0.43	-9999	-9999	-9999	-9999	-9999
2009	10	20	0	0.43	-9999	-9999	-9999	-9999	-9999
2009	10	21	0	5.31	-9999	-9999	-9999	-9999	-9999
2009	10	22	0	6.41	-9999	-9999	-9999	-9999	-9999
2009	10	23	0	4.7	-9999	-9999	-9999	-9999	-9999
2009	10	24	0	2.46	-9999	-9999	-9999	-9999	-9999
2009	10	25	0	1.91	-9999	-9999	-9999	-9999	-9999
2009	10	26	0	1.52	-9999	-9999	-9999	-9999	-9999
2009	10	27	0	1.24	-9999	-9999	-9999	-9999	-9999
2009	10	28	0	1.08	-9999	-9999	-9999	-9999	-9999
2009	10	29	0	0.95	-9999	-9999	-9999	-9999	-9999
2009	10	30	0	0.86	-9999	-9999	-9999	-9999	-9999
2009	10	31	0	0.78	-9999	-9999	-9999	-9999	-9999
2009	11	1	0	0.78	-9999	-9999	-9999	-9999	-9999
2009	11	2	0	1.04	-9999	-9999	-9999	-9999	-9999
2009	11	3	0	0.81	-9999	-9999	-9999	-9999	-9999
2009	11	4	0	0.72	-9999	-9999	-9999	-9999	-9999
2009	11	5	0	0.7	-9999	-9999	-9999	-9999	-9999
2009	11	6	0	0.7	-9999	-9999	-9999	-9999	-9999
2009	11	7	0	0.7	-9999	-9999	-9999	-9999	-9999
2009	11	8	0	0.7	-9999	-9999	-9999	-9999	-9999
2009	11	9	0	0.91	-9999	-9999	-9999	-9999	-9999
2009	11	10	0	0.75	-9999	-9999	-9999	-9999	-9999
2009	11	11	0	0.75	-9999	-9999	-9999	-9999	-9999
2009	11	12	0	0.82	-9999	-9999	-9999	-9999	-9999
2009	11	13	0	0.91	-9999	-9999	-9999	-9999	-9999
2009	11	14	0	0.96	-9999	-9999	-9999	-9999	-9999
2009	11	15	0	0.96	-9999	-9999	-9999	-9999	-9999
2009	11	16	0	0.96	-9999	-9999	-9999	-9999	-9999
2009	11	17	0	0.97	-9999	-9999	-9999	-9999	-9999
2009	11	18	0	1.04	-9999	-9999	-9999	-9999	-9999
2009	11	19	0	0.97	-9999	-9999	-9999	-9999	-9999
2009	11	20	0	0.9	-9999	-9999	-9999	-9999	-9999
2009	11	21	0	0.87	-9999	-9999	-9999	-9999	-9999
2009	11	22	0	0.78	-9999	-9999	-9999	-9999	-9999
2009	11	23	0	0.78	-9999	-9999	-9999	-9999	-9999
2009	11	24	0	0.72	-9999	-9999	-9999	-9999	-9999
2009	11	25	0	0.7	-9999	-9999	-9999	-9999	-9999
2009	11	26	0	0.7	-9999	-9999	-9999	-9999	-9999
2009	11	27	0	0.7	-9999	-9999	-9999	-9999	-9999
2009	11	28	0	0.7	-9999	-9999	-9999	-9999	-9999
2009	11	29	0	0.8	-9999	-9999	-9999	-9999	-9999
2009	11	30	0	0.96	-9999	-9999	-9999	-9999	-9999
2009	12	1	0	0.76	-9999	-9999	-9999	-9999	-9999
2009	12	2	0	0.7	-9999	-9999	-9999	-9999	-9999
2009	12	3	0	0.77	-9999	-9999	-9999	-9999	-9999
2009	12	4	0	0.81	-9999	-9999	-9999	-9999	-9999
2009	12	5	0	0.85	-9999	-9999	-9999	-9999	-9999
2009	12	6	0	0.78	-9999	-9999	-9999	-9999	-9999
2009	12	7	0	0.78	-9999	-9999	-9999	-9999	-9999
2009	12	8	0	0.87	-9999	-9999	-9999	-9999	-9999
2009	12	9	0	0.93	-9999	-9999	-9999	-9999	-9999
2009	12	10	0	0.87	-9999	-9999	-9999	-9999	-9999
2009	12	11	0	0.85	-9999	-9999	-9999	-9999	-9999
2009	12	12	0	0.78	-9999	-9999	-9999	-9999	-9999
2009	12	13	0	0.76	-9999	-9999	-9999	-9999	-9999
2009	12	14	0	0.7	-9999	-9999	-9999	-9999	-9999
2009	12	15	0	0.7	-9999	-9999	-9999	-9999	-9999
2009	12	16	0	0.66	-9999	-9999	-9999	-9999	-9999
2009	12	17	0	0.63	-9999	-9999	-9999	-9999	-9999
2009	12	18	0	0.63	-9999	-9999	-9999	-9999	-9999
2009	12	19	0	0.63	-9999	-9999	-9999	-9999	-9999
2009	12	20	0	0.56	-9999	-9999	-9999	-9999	-9999
2009	12	21	0	0.58	-9999	-9999	-9999	-9999	-9999
2009	12	22	0	3.1	-9999	-9999	-9999	-9999	-9999
2009	12	23	0	10.49	-9999	-9999	-9999	-9999	-9999
2009	12	24	0	45.69	-9999	-9999	-9999	-9999	-9999
2009	12	25	0	38.49	-9999	-9999	-9999	-9999	-9999
2009	12	26	0	16.76	-9999	-9999	-9999	-9999	-9999
2009	12	27	0	12.25	-9999	-9999	-9999	-9999	-9999
2009	12	28	0	9.74	-9999	-9999	-9999	-9999	-9999
2009	12	29	0	14.56	-9999	-9999	-9999	-9999	-9999
2009	12	30	0	34.93	-9999	-9999	-9999	-9999	-9999
2009	12	31	0	29.2	-9999	-9999	-9999	-9999	-9999
2010	1	1	0	23.87	-9999	-9999	-9999	-9999	-9999
2010	1	2	0	15.56	-9999	-9999	-9999	-9999	-9999
2010	1	3	0	12.29	-9999	-9999	-9999	-9999	-9999
2010	1	4	0	10.51	-9999	-9999	-9999	-9999	-9999
2010	1	5	0	9.39	-9999	-9999	-9999	-9999	-9999
2010	1	6	0	8.19	-9999	-9999	-9999	-9999	-9999
2010	1	7	0	7.03	-9999	-9999	-9999	-9999	-9999
2010	1	8	0	6.15	-9999	-9999	-9999	-9999	-9999
2010	1	9	0	5.06	-9999	-9999	-9999	-9999	-9999
2010	1	10	0	4.42	-9999	-9999	-9999	-9999	-9999
2010	1	11	0	4.35	-9999	-9999	-9999	-9999	-9999
2010	1	12	0	4.21	-9999	-9999	-9999	-9999	-9999
2010	1	13	0	4.47	-9999	-9999	-9999	-9999	-9999
2010	1	14	0	14.82	-9999	-9999	-9999	-9999	-9999
2010	1	15	0	10.1	-9999	-9999	-9999	-9999	-9999
2010	1	16	0	7.35	-9999	-9999	-9999	-9999	-9999
2010	1	17	0	6.84	-9999	-9999	-9999	-9999	-9999
2010	1	18	0	7.01	-9999	-9999	-9999	-9999	-9999
2010	1	19	0	6.9	-9999	-9999	-9999	-9999	-9999
2010	1	20	0	6.54	-9999	-9999	-9999	-9999	-9999
2010	1	21	0	6.15	-9999	-9999	-9999	-9999	-9999
2010	1	22	0	5.56	-9999	-9999	-9999	-9999	-9999
2010	1	23	0	5.08	-9999	-9999	-9999	-9999	-9999
2010	1	24	0	4.69	-9999	-9999	-9999	-9999	-9999
2010	1	25	0	4.32	-9999	-9999	-9999	-9999	-9999
2010	1	26	0	4.32	-9999	-9999	-9999	-9999	-9999
2010	1	27	0	4.32	-9999	-9999	-9999	-9999	-9999
2010	1	28	0	4.15	-9999	-9999	-9999	-9999	-9999
2010	1	29	0	4.08	-9999	-9999	-9999	-9999	-9999
2010	1	30	0	4.08	-9999	-9999	-9999	-9999	-9999
2010	1	31	0	4.08	-9999	-9999	-9999	-9999	-9999
2010	2	1	0	4.08	-9999	-9999	-9999	-9999	-9999
2010	2	2	0	4.08	-9999	-9999	-9999	-9999	-9999
2010	2	3	0	4.08	-9999	-9999	-9999	-9999	-9999
2010	2	4	0	4.08	-9999	-9999	-9999	-9999	-9999
2010	2	5	0	4.08	-9999	-9999	-9999	-9999	-9999
2010	2	6	0	4.08	-9999	-9999	-9999	-9999	-9999
2010	2	7	0	4.08	-9999	-9999	-9999	-9999	-9999
2010	2	8	0	4.08	-9999	-9999	-9999	-9999	-9999
2010	2	9	0	4.08	-9999	-9999	-9999	-9999	-9999
2010	2	10	0	4.08	-9999	-9999	-9999	-9999	-9999
2010	2	11	0	4.08	-9999	-9999	-9999	-9999	-9999
2010	2	12	0	4.08	-9999	-9999	-9999	-9999	-9999
2010	2	13	0	4.08	-9999	-9999	-9999	-9999	-9999
2010	2	14	0	4.08	-9999	-9999	-9999	-9999	-9999
2010	2	15	0	4.08	-9999	-9999	-9999	-9999	-9999
2010	2	16	0	3.97	-9999	-9999	-9999	-9999	-9999
2010	2	17	0	7.94	-9999	-9999	-9999	-9999	-9999
2010	2	18	0	8.75	-9999	-9999	-9999	-9999	-9999
2010	2	19	0	6.51	-9999	-9999	-9999	-9999	-9999
2010	2	20	0	5.06	-9999	-9999	-9999	-9999	-9999
2010	2	21	0	4.84	-9999	-9999	-9999	-9999	-9999
2010	2	22	0	5.1	-9999	-9999	-9999	-9999	-9999
2010	2	23	0	7.06	-9999	-9999	-9999	-9999	-9999
2010	2	24	0	10.23	-9999	-9999	-9999	-9999	-9999
2010	2	25	0	12.64	-9999	-9999	-9999	-9999	-9999
2010	2	26	0	15.14	-9999	-9999	-9999	-9999	-9999
2010	2	27	0	13.34	-9999	-9999	-9999	-9999	-9999
2010	2	28	0	17.16	-9999	-9999	-9999	-9999	-9999
2010	3	1	0	14.35	-9999	-9999	-9999	-9999	-9999
2010	3	2	0	11.57	-9999	-9999	-9999	-9999	-9999
2010	3	3	0	12.09	-9999	-9999	-9999	-9999	-9999
2010	3	4	0	12.84	-9999	-9999	-9999	-9999	-9999
2010	3	5	0	11.31	-9999	-9999	-9999	-9999	-9999
2010	3	6	0	9.92	-9999	-9999	-9999	-9999	-9999
2010	3	7	0	8.9	-9999	-9999	-9999	-9999	-9999
2010	3	8	0	8.63	-9999	-9999	-9999	-9999	-9999
2010	3	9	0	7.56	-9999	-9999	-9999	-9999	-9999
2010	3	10	0	6.66	-9999	-9999	-9999	-9999	-9999
2010	3	11	0	6.2	-9999	-9999	-9999	-9999	-9999
2010	3	12	0	6.02	-9999	-9999	-9999	-9999	-9999
2010	3	13	0	5.78	-9999	-9999	-9999	-9999	-9999
2010	3	14	0	5.7	-9999	-9999	-9999	-9999	-9999
2010	3	15	0	5.7	-9999	-9999	-9999	-9999	-9999
2010	3	16	0	5.7	-9999	-9999	-9999	-9999	-9999
2010	3	17	0	5.7	-9999	-9999	-9999	-9999	-9999
2010	3	18	0	5.7	-9999	-9999	-9999	-9999	-9999
2010	3	19	0	5.7	-9999	-9999	-9999	-9999	-9999
2010	3	20	0	5.98	-9999	-9999	-9999	-9999	-9999
2010	3	21	0	10.01	-9999	-9999	-9999	-9999	-9999
2010	3	22	0	14.47	-9999	-9999	-9999	-9999	-9999
2010	3	23	0	12.64	-9999	-9999	-9999	-9999	-9999
2010	3	24	0	11.11	-9999	-9999	-9999	-9999	-9999
2010	3	25	0	12.4	-9999	-9999	-9999	-9999	-9999
2010	3	26	0	20.93	-9999	-9999	-9999	-9999	-9999
2010	3	27	0	16.06	-9999	-9999	-9999	-9999	-9999
2010	3	28	0	12.72	-9999	-9999	-9999	-9999	-9999
2010	3	29	0	11.28	-9999	-9999	-9999	-9999	-9999
2010	3	30	0	11.54	-9999	-9999	-9999	-9999	-9999
2010	3	31	0	10.37	-9999	-9999	-9999	-9999	-9999
2010	4	1	0	9.39	-9999	-9999	-9999	-9999	-9999
2010	4	2	0	8.29	-9999	-9999	-9999	-9999	-9999
2010	4	3	0	7.5	-9999	-9999	-9999	-9999	-9999
2010	4	4	0	7.23	-9999	-9999	-9999	-9999	-9999
2010	4	5	0	6.98	-9999	-9999	-9999	-9999	-9999
2010	4	6	0	6.98	-9999	-9999	-9999	-9999	-9999
2010	4	7	0	7.4	-9999	-9999	-9999	-9999	-9999
2010	4	8	0	7.15	-9999	-9999	-9999	-9999	-9999
2010	4	9	0	6.7	-9999	-9999	-9999	-9999	-9999
2010	4	10	0	6.64	-9999	-9999	-9999	-9999	-9999
2010	4	11	0	6.76	-9999	-9999	-9999	-9999	-9999
2010	4	12	0	8.8	-9999	-9999	-9999	-9999	-9999
2010	4	13	0	9.04	-9999	-9999	-9999	-9999	-9999
2010	4	14	0	8.28	-9999	-9999	-9999	-9999	-9999
2010	4	15	0	7.28	-9999	-9999	-9999	-9999	-9999
2010	4	16	0	6.98	-9999	-9999	-9999	-9999	-9999
2010	4	17	0	6.98	-9999	-9999	-9999	-9999	-9999
2010	4	18	0	6.98	-9999	-9999	-9999	-9999	-9999
2010	4	19	0	7.24	-9999	-9999	-9999	-9999	-9999
2010	4	20	0	7.62	-9999	-9999	-9999	-9999	-9999
2010	4	21	0	7.9	-9999	-9999	-9999	-9999	-9999
2010	4	22	0	8.34	-9999	-9999	-9999	-9999	-9999
2010	4	23	0	8.15	-9999	-9999	-9999	-9999	-9999
2010	4	24	0	7.88	-9999	-9999	-9999	-9999	-9999
2010	4	25	0	7.55	-9999	-9999	-9999	-9999	-9999
2010	4	26	0	9.86	-9999	-9999	-9999	-9999	-9999
2010	4	27	0	9.44	-9999	-9999	-9999	-9999	-9999
2010	4	28	0	8.72	-9999	-9999	-9999	-9999	-9999
2010	4	29	0	8.43	-9999	-9999	-9999	-9999	-9999
2010	4	30	0	8.24	-9999	-9999	-9999	-9999	-9999
2010	5	1	0	10.43	-9999	-9999	-9999	-9999	-9999
2010	5	2	0	10.38	-9999	-9999	-9999	-9999	-9999
2010	5	3	0	8.3	-9999	-9999	-9999	-9999	-9999
2010	5	4	0	7.03	-9999	-9999	-9999	-9999	-9999
2010	5	5	0	6.98	-9999	-9999	-9999	-9999	-9999
2010	5	6	0	6.98	-9999	-9999	-9999	-9999	-9999
2010	5	7	0	6.98	-9999	-9999	-9999	-9999	-9999
2010	5	8	0	6.98	-9999	-9999	-9999	-9999	-9999
2010	5	9	0	10.32	-9999	-9999	-9999	-9999	-9999
2010	5	10	0	18.32	-9999	-9999	-9999	-9999	-9999
2010	5	11	0	19.62	-9999	-9999	-9999	-9999	-9999
2010	5	12	0	18.49	-9999	-9999	-9999	-9999	-9999
2010	5	13	0	18.39	-9999	-9999	-9999	-9999	-9999
2010	5	14	0	22.37	-9999	-9999	-9999	-9999	-9999
2010	5	15	0	18.73	-9999	-9999	-9999	-9999	-9999
2010	5	16	0	14.55	-9999	-9999	-9999	-9999	-9999
2010	5	17	0	12.03	-9999	-9999	-9999	-9999	-9999
2010	5	18	0	10.66	-9999	-9999	-9999	-9999	-9999
2010	5	19	0	9.86	-9999	-9999	-9999	-9999	-9999
2010	5	20	0	9.1	-9999	-9999	-9999	-9999	-9999
2010	5	21	0	8.77	-9999	-9999	-9999	-9999	-9999
2010	5	22	0	8.43	-9999	-9999	-9999	-9999	-9999
2010	5	23	0	8.21	-9999	-9999	-9999	-9999	-9999
2010	5	24	0	8.08	-9999	-9999	-9999	-9999	-9999
2010	5	25	0	7.89	-9999	-9999	-9999	-9999	-9999
2010	5	26	0	7.68	-9999	-9999	-9999	-9999	-9999
2010	5	27	0	7.68	-9999	-9999	-9999	-9999	-9999
2010	5	28	0	7.88	-9999	-9999	-9999	-9999	-9999
2010	5	29	0	7.9	-9999	-9999	-9999	-9999	-9999
2010	5	30	0	7.68	-9999	-9999	-9999	-9999	-9999
2010	5	31	0	7.68	-9999	-9999	-9999	-9999	-9999
2010	6	1	0	7.68	-9999	-9999	-9999	-9999	-9999
2010	6	2	0	7.68	-9999	-9999	-9999	-9999	-9999
2010	6	3	0	7.68	-9999	-9999	-9999	-9999	-9999
2010	6	4	0	7.68	-9999	-9999	-9999	-9999	-9999
2010	6	5	0	7.61	-9999	-9999	-9999	-9999	-9999
2010	6	6	0	10.68	-9999	-9999	-9999	-9999	-9999
2010	6	7	0	8.83	-9999	-9999	-9999	-9999	-9999
2010	6	8	0	8.82	-9999	-9999	-9999	-9999	-9999
2010	6	9	0	13.46	-9999	-9999	-9999	-9999	-9999
2010	6	10	0	48.94	-9999	-9999	-9999	-9999	-9999
2010	6	11	0	24.51	-9999	-9999	-9999	-9999	-9999
2010	6	12	0	22.15	-9999	-9999	-9999	-9999	-9999
2010	6	13	0	19.22	-9999	-9999	-9999	-9999	-9999
2010	6	14	0	17.98	-9999	-9999	-9999	-9999	-9999
2010	6	15	0	19.14	-9999	-9999	-9999	-9999	-9999
2010	6	16	0	16.57	-9999	-9999	-9999	-9999	-9999
2010	6	17	0	15.55	-9999	-9999	-9999	-9999	-9999
2010	6	18	0	15.55	-9999	-9999	-9999	-9999	-9999
2010	6	19	0	15.07	-9999	-9999	-9999	-9999	-9999
2010	6	20	0	10.92	-9999	-9999	-9999	-9999	-9999
2010	6	21	0	7.89	-9999	-9999	-9999	-9999	-9999
2010	6	22	0	7.04	-9999	-9999	-9999	-9999	-9999
2010	6	23	0	6.5	-9999	-9999	-9999	-9999	-9999
2010	6	24	0	6.11	-9999	-9999	-9999	-9999	-9999
2010	6	25	0	5.8	-9999	-9999	-9999	-9999	-9999
2010	6	26	0	5.55	-9999	-9999	-9999	-9999	-9999
2010	6	27	0	5.33	-9999	-9999	-9999	-9999	-9999
2010	6	28	0	9.44	-9999	-9999	-9999	-9999	-9999
2010	6	29	0	6.65	-9999	-9999	-9999	-9999	-9999
2010	6	30	0	5.18	-9999	-9999	-9999	-9999	-9999
2010	7	1	0	5.12	-9999	-9999	-9999	-9999	-9999
2010	7	2	0	5.12	-9999	-9999	-9999	-9999	-9999
2010	7	3	0	5.12	-9999	-9999	-9999	-9999	-9999
2010	7	4	0	6.21	-9999	-9999	-9999	-9999	-9999
2010	7	5	0	4.49	-9999	-9999	-9999	-9999	-9999
2010	7	6	0	1.65	-9999	-9999	-9999	-9999	-9999
2010	7	7	0	1.39	-9999	-9999	-9999	-9999	-9999
2010	7	8	0	1.25	-9999	-9999	-9999	-9999	-9999
2010	7	9	0	1.16	-9999	-9999	-9999	-9999	-9999
2010	7	10	0	1.1	-9999	-9999	-9999	-9999	-9999
2010	7	11	0	1.05	-9999	-9999	-9999	-9999	-9999
2010	7	12	0	1.01	-9999	-9999	-9999	-9999	-9999
2010	7	13	0	0.98	-9999	-9999	-9999	-9999	-9999
2010	7	14	0	0.95	-9999	-9999	-9999	-9999	-9999
2010	7	15	0	0.92	-9999	-9999	-9999	-9999	-9999
2010	7	16	0	0.9	-9999	-9999	-9999	-9999	-9999
2010	7	17	0	0.88	-9999	-9999	-9999	-9999	-9999
2010	7	18	0	0.86	-9999	-9999	-9999	-9999	-9999
2010	7	19	0	0.85	-9999	-9999	-9999	-9999	-9999
2010	7	20	0	0.83	-9999	-9999	-9999	-9999	-9999
2010	7	21	0	0.82	-9999	-9999	-9999	-9999	-9999
2010	7	22	0	0.81	-9999	-9999	-9999	-9999	-9999
2010	7	23	0	21	-9999	-9999	-9999	-9999	-9999
2010	7	24	0	8.55	-9999	-9999	-9999	-9999	-9999
2010	7	25	0	7.31	-9999	-9999	-9999	-9999	-9999
2010	7	26	0	7.1	-9999	-9999	-9999	-9999	-9999
2010	7	27	0	3.07	-9999	-9999	-9999	-9999	-9999
2010	7	28	0	1.39	-9999	-9999	-9999	-9999	-9999
2010	7	29	0	1.15	-9999	-9999	-9999	-9999	-9999
2010	7	30	0	1.02	-9999	-9999	-9999	-9999	-9999
2010	7	31	0	0.93	-9999	-9999	-9999	-9999	-9999
2010	8	1	0	0.87	-9999	-9999	-9999	-9999	-9999
2010	8	2	0	1.26	-9999	-9999	-9999	-9999	-9999
2010	8	3	0	2.72	-9999	-9999	-9999	-9999	-9999
2010	8	4	0	1.48	-9999	-9999	-9999	-9999	-9999
2010	8	5	0	1.25	-9999	-9999	-9999	-9999	-9999
2010	8	6	0	1.12	-9999	-9999	-9999	-9999	-9999
2010	8	7	0	1.03	-9999	-9999	-9999	-9999	-9999
2010	8	8	0	0.97	-9999	-9999	-9999	-9999	-9999
2010	8	9	0	0.92	-9999	-9999	-9999	-9999	-9999
2010	8	10	0	0.87	-9999	-9999	-9999	-9999	-9999
2010	8	11	0	0.84	-9999	-9999	-9999	-9999	-9999
2010	8	12	0	1.84	-9999	-9999	-9999	-9999	-9999
2010	8	13	0	2.41	-9999	-9999	-9999	-9999	-9999
2010	8	14	0	1.52	-9999	-9999	-9999	-9999	-9999
2010	8	15	0	1.29	-9999	-9999	-9999	-9999	-9999
2010	8	16	0	1.16	-9999	-9999	-9999	-9999	-9999
2010	8	17	0	1.07	-9999	-9999	-9999	-9999	-9999
2010	8	18	0	1.01	-9999	-9999	-9999	-9999	-9999
2010	8	19	0	0.96	-9999	-9999	-9999	-9999	-9999
2010	8	20	0	0.92	-9999	-9999	-9999	-9999	-9999
2010	8	21	0	0.88	-9999	-9999	-9999	-9999	-9999
2010	8	22	0	0.85	-9999	-9999	-9999	-9999	-9999
2010	8	23	0	0.83	-9999	-9999	-9999	-9999	-9999
2010	8	24	0	0.8	-9999	-9999	-9999	-9999	-9999
2010	8	25	0	0.79	-9999	-9999	-9999	-9999	-9999
2010	8	26	0	0.78	-9999	-9999	-9999	-9999	-9999
2010	8	27	0	0.78	-9999	-9999	-9999	-9999	-9999
2010	8	28	0	0.78	-9999	-9999	-9999	-9999	-9999
2010	8	29	0	0.78	-9999	-9999	-9999	-9999	-9999
2010	8	30	0	0.78	-9999	-9999	-9999	-9999	-9999
2010	8	31	0	0.78	-9999	-9999	-9999	-9999	-9999
2010	9	1	0	0.78	-9999	-9999	-9999	-9999	-9999
2010	9	2	0	2.89	-9999	-9999	-9999	-9999	-9999
2010	9	3	0	1.16	-9999	-9999	-9999	-9999	-9999
2010	9	4	0	1.11	-9999	-9999	-9999	-9999	-9999
2010	9	5	0	1.07	-9999	-9999	-9999	-9999	-9999
2010	9	6	0	1	-9999	-9999	-9999	-9999	-9999
2010	9	7	0	0.95	-9999	-9999	-9999	-9999	-9999
2010	9	8	0	0.92	-9999	-9999	-9999	-9999	-9999
2010	9	9	0	0.91	-9999	-9999	-9999	-9999	-9999
2010	9	10	0	0.87	-9999	-9999	-9999	-9999	-9999
2010	9	11	0	0.85	-9999	-9999	-9999	-9999	-9999
2010	9	12	0	0.82	-9999	-9999	-9999	-9999	-9999
2010	9	13	0	0.8	-9999	-9999	-9999	-9999	-9999
2010	9	14	0	0.79	-9999	-9999	-9999	-9999	-9999
2010	9	15	0	0.78	-9999	-9999	-9999	-9999	-9999
2010	9	16	0	0.75	-9999	-9999	-9999	-9999	-9999
2010	9	17	0	0.73	-9999	-9999	-9999	-9999	-9999
2010	9	18	0	0.7	-9999	-9999	-9999	-9999	-9999
2010	9	19	0	0.68	-9999	-9999	-9999	-9999	-9999
2010	9	20	0	0.67	-9999	-9999	-9999	-9999	-9999
2010	9	21	0	0.65	-9999	-9999	-9999	-9999	-9999
2010	9	22	0	0.64	-9999	-9999	-9999	-9999	-9999
2010	9	23	0	0.63	-9999	-9999	-9999	-9999	-9999
2010	9	24	0	0.63	-9999	-9999	-9999	-9999	-9999
2010	9	25	0	0.63	-9999	-9999	-9999	-9999	-9999
2010	9	26	0	0.63	-9999	-9999	-9999	-9999	-9999
2010	9	27	0	0.63	-9999	-9999	-9999	-9999	-9999
2010	9	28	0	0.63	-9999	-9999	-9999	-9999	-9999
2010	9	29	0	0.63	-9999	-9999	-9999	-9999	-9999
2010	9	30	0	0.63	-9999	-9999	-9999	-9999	-9999
2010	10	1	0	0.63	-9999	-9999	-9999	-9999	-9999
2010	10	2	0	0.63	-9999	-9999	-9999	-9999	-9999
2010	10	3	0	0.63	-9999	-9999	-9999	-9999	-9999
2010	10	4	0	0.67	-9999	-9999	-9999	-9999	-9999
2010	10	5	0	1.13	-9999	-9999	-9999	-9999	-9999
2010	10	6	0	0.9	-9999	-9999	-9999	-9999	-9999
2010	10	7	0	0.78	-9999	-9999	-9999	-9999	-9999
2010	10	8	0	0.76	-9999	-9999	-9999	-9999	-9999
2010	10	9	0	0.72	-9999	-9999	-9999	-9999	-9999
2010	10	10	0	16.54	-9999	-9999	-9999	-9999	-9999
2010	10	11	0	9.64	-9999	-9999	-9999	-9999	-9999
2010	10	12	0	4.94	-9999	-9999	-9999	-9999	-9999
2010	10	13	0	3.21	-9999	-9999	-9999	-9999	-9999
2010	10	14	0	2.47	-9999	-9999	-9999	-9999	-9999
2010	10	15	0	1.95	-9999	-9999	-9999	-9999	-9999
2010	10	16	0	1.64	-9999	-9999	-9999	-9999	-9999
2010	10	17	0	1.46	-9999	-9999	-9999	-9999	-9999
2010	10	18	0	1.29	-9999	-9999	-9999	-9999	-9999
2010	10	19	0	1.17	-9999	-9999	-9999	-9999	-9999
2010	10	20	0	1.14	-9999	-9999	-9999	-9999	-9999
2010	10	21	0	1.06	-9999	-9999	-9999	-9999	-9999
2010	10	22	0	1.04	-9999	-9999	-9999	-9999	-9999
2010	10	23	0	0.96	-9999	-9999	-9999	-9999	-9999
2010	10	24	0	0.96	-9999	-9999	-9999	-9999	-9999
2010	10	25	0	0.92	-9999	-9999	-9999	-9999	-9999
2010	10	26	0	0.87	-9999	-9999	-9999	-9999	-9999
2010	10	27	0	0.87	-9999	-9999	-9999	-9999	-9999
2010	10	28	0	0.87	-9999	-9999	-9999	-9999	-9999
2010	10	29	0	0.79	-9999	-9999	-9999	-9999	-9999
2010	10	30	0	0.88	-9999	-9999	-9999	-9999	-9999
2010	10	31	0	5.61	-9999	-9999	-9999	-9999	-9999
2010	11	1	0	6.35	-9999	-9999	-9999	-9999	-9999
2010	11	2	0	3.4	-9999	-9999	-9999	-9999	-9999
2010	11	3	0	2.53	-9999	-9999	-9999	-9999	-9999
2010	11	4	0	2.09	-9999	-9999	-9999	-9999	-9999
2010	11	5	0	1.83	-9999	-9999	-9999	-9999	-9999
2010	11	6	0	1.67	-9999	-9999	-9999	-9999	-9999
2010	11	7	0	1.57	-9999	-9999	-9999	-9999	-9999
2010	11	8	0	1.57	-9999	-9999	-9999	-9999	-9999
2010	11	9	0	1.82	-9999	-9999	-9999	-9999	-9999
2010	11	10	0	1.88	-9999	-9999	-9999	-9999	-9999
2010	11	11	0	1.59	-9999	-9999	-9999	-9999	-9999
2010	11	12	0	1.44	-9999	-9999	-9999	-9999	-9999
2010	11	13	0	1.45	-9999	-9999	-9999	-9999	-9999
2010	11	14	0	1.5	-9999	-9999	-9999	-9999	-9999
2010	11	15	0	1.54	-9999	-9999	-9999	-9999	-9999
2010	11	16	0	1.67	-9999	-9999	-9999	-9999	-9999
2010	11	17	0	1.65	-9999	-9999	-9999	-9999	-9999
2010	11	18	0	1.61	-9999	-9999	-9999	-9999	-9999
2010	11	19	0	1.5	-9999	-9999	-9999	-9999	-9999
2010	11	20	0	2.12	-9999	-9999	-9999	-9999	-9999
2010	11	21	0	2.06	-9999	-9999	-9999	-9999	-9999
2010	11	22	0	1.89	-9999	-9999	-9999	-9999	-9999
2010	11	23	0	1.76	-9999	-9999	-9999	-9999	-9999
2010	11	24	0	1.61	-9999	-9999	-9999	-9999	-9999
2010	11	25	0	1.48	-9999	-9999	-9999	-9999	-9999
2010	11	26	0	1.45	-9999	-9999	-9999	-9999	-9999
2010	11	27	0	1.25	-9999	-9999	-9999	-9999	-9999
2010	11	28	0	1.25	-9999	-9999	-9999	-9999	-9999
2010	11	29	0	1.14	-9999	-9999	-9999	-9999	-9999
2010	11	30	0	1.31	-9999	-9999	-9999	-9999	-9999
2010	12	1	0	1.46	-9999	-9999	-9999	-9999	-9999
2010	12	2	0	1.25	-9999	-9999	-9999	-9999	-9999
2010	12	3	0	1.12	-9999	-9999	-9999	-9999	-9999
2010	12	4	0	1.03	-9999	-9999	-9999	-9999	-9999
2010	12	5	0	1.1	-9999	-9999	-9999	-9999	-9999
2010	12	6	0	6.95	-9999	-9999	-9999	-9999	-9999
2010	12	7	0	23.21	-9999	-9999	-9999	-9999	-9999
2010	12	8	0	26.16	-9999	-9999	-9999	-9999	-9999
2010	12	9	0	16.56	-9999	-9999	-9999	-9999	-9999
2010	12	10	0	10.56	-9999	-9999	-9999	-9999	-9999
2010	12	11	0	8.01	-9999	-9999	-9999	-9999	-9999
2010	12	12	0	6.35	-9999	-9999	-9999	-9999	-9999
2010	12	13	0	5.15	-9999	-9999	-9999	-9999	-9999
2010	12	14	0	4.28	-9999	-9999	-9999	-9999	-9999
2010	12	15	0	3.49	-9999	-9999	-9999	-9999	-9999
2010	12	16	0	2.96	-9999	-9999	-9999	-9999	-9999
2010	12	17	0	2.82	-9999	-9999	-9999	-9999	-9999
2010	12	18	0	2.64	-9999	-9999	-9999	-9999	-9999
2010	12	19	0	2.34	-9999	-9999	-9999	-9999	-9999
2010	12	20	0	2.24	-9999	-9999	-9999	-9999	-9999
2010	12	21	0	2.69	-9999	-9999	-9999	-9999	-9999
2010	12	22	0	7.44	-9999	-9999	-9999	-9999	-9999
2010	12	23	0	17.4	-9999	-9999	-9999	-9999	-9999
2010	12	24	0	12.01	-9999	-9999	-9999	-9999	-9999
2010	12	25	0	8.26	-9999	-9999	-9999	-9999	-9999
2010	12	26	0	5.94	-9999	-9999	-9999	-9999	-9999
2010	12	27	0	4.95	-9999	-9999	-9999	-9999	-9999
2010	12	28	0	4.43	-9999	-9999	-9999	-9999	-9999
2010	12	29	0	3.93	-9999	-9999	-9999	-9999	-9999
2010	12	30	0	3.52	-9999	-9999	-9999	-9999	-9999
2010	12	31	0	3.28	-9999	-9999	-9999	-9999	-9999
2011	1	1	0	3.03	-9999	-9999	-9999	-9999	-9999
2011	1	2	0	2.83	-9999	-9999	-9999	-9999	-9999
2011	1	3	0	2.55	-9999	-9999	-9999	-9999	-9999
2011	1	4	0	2.34	-9999	-9999	-9999	-9999	-9999
2011	1	5	0	2.3	-9999	-9999	-9999	-9999	-9999
2011	1	6	0	2.8	-9999	-9999	-9999	-9999	-9999
2011	1	7	0	3.13	-9999	-9999	-9999	-9999	-9999
2011	1	8	0	3.35	-9999	-9999	-9999	-9999	-9999
2011	1	9	0	4.15	-9999	-9999	-9999	-9999	-9999
2011	1	10	0	6.09	-9999	-9999	-9999	-9999	-9999
2011	1	11	0	4.82	-9999	-9999	-9999	-9999	-9999
2011	1	12	0	4.06	-9999	-9999	-9999	-9999	-9999
2011	1	13	0	3.64	-9999	-9999	-9999	-9999	-9999
2011	1	14	0	3.36	-9999	-9999	-9999	-9999	-9999
2011	1	15	0	3.12	-9999	-9999	-9999	-9999	-9999
2011	1	16	0	2.92	-9999	-9999	-9999	-9999	-9999
2011	1	17	0	2.78	-9999	-9999	-9999	-9999	-9999
2011	1	18	0	2.6	-9999	-9999	-9999	-9999	-9999
2011	1	19	0	2.43	-9999	-9999	-9999	-9999	-9999
2011	1	20	0	2.35	-9999	-9999	-9999	-9999	-9999
2011	1	21	0	2.06	-9999	-9999	-9999	-9999	-9999
2011	1	22	0	1.78	-9999	-9999	-9999	-9999	-9999
2011	1	23	0	1.66	-9999	-9999	-9999	-9999	-9999
2011	1	24	0	1.67	-9999	-9999	-9999	-9999	-9999
2011	1	25	0	1.63	-9999	-9999	-9999	-9999	-9999
2011	1	26	0	1.56	-9999	-9999	-9999	-9999	-9999
2011	1	27	0	1.54	-9999	-9999	-9999	-9999	-9999
2011	1	28	0	1.59	-9999	-9999	-9999	-9999	-9999
2011	1	29	0	1.86	-9999	-9999	-9999	-9999	-9999
2011	1	30	0	1.71	-9999	-9999	-9999	-9999	-9999
2011	1	31	0	1.55	-9999	-9999	-9999	-9999	-9999
2011	2	1	0	1.47	-9999	-9999	-9999	-9999	-9999
2011	2	2	0	1.42	-9999	-9999	-9999	-9999	-9999
2011	2	3	0	1.4	-9999	-9999	-9999	-9999	-9999
2011	2	4	0	1.4	-9999	-9999	-9999	-9999	-9999
2011	2	5	0	1.4	-9999	-9999	-9999	-9999	-9999
2011	2	6	0	1.4	-9999	-9999	-9999	-9999	-9999
2011	2	7	0	1.45	-9999	-9999	-9999	-9999	-9999
2011	2	8	0	1.52	-9999	-9999	-9999	-9999	-9999
2011	2	9	0	1.52	-9999	-9999	-9999	-9999	-9999
2011	2	10	0	1.49	-9999	-9999	-9999	-9999	-9999
2011	2	11	0	1.4	-9999	-9999	-9999	-9999	-9999
2011	2	12	0	1.4	-9999	-9999	-9999	-9999	-9999
2011	2	13	0	1.4	-9999	-9999	-9999	-9999	-9999
2011	2	14	0	1.49	-9999	-9999	-9999	-9999	-9999
2011	2	15	0	1.5	-9999	-9999	-9999	-9999	-9999
2011	2	16	0	1.4	0.62	0.09	-9999	-9999	-9999
2011	2	17	0	1.5	0.64	0.09	-9999	-9999	-9999
2011	2	18	0	1.48	0.63	0.09	-9999	-9999	-9999
2011	2	19	0	1.4	0.63	0.09	-9999	-9999	-9999
2011	2	20	0	1.57	0.68	0.1	-9999	-9999	-9999
2011	2	21	0	1.52	0.67	0.1	-9999	-9999	-9999
2011	2	22	0	1.52	0.69	0.1	-9999	-9999	-9999
2011	2	23	0	1.61	0.75	0.09	-9999	-9999	-9999
2011	2	24	0	1.61	0.78	0.09	-9999	-9999	-9999
2011	2	25	0	1.6	0.76	0.09	-9999	-9999	-9999
2011	2	26	0	1.6	0.76	0.08	-9999	-9999	-9999
2011	2	27	0	1.64	0.77	0.08	-9999	-9999	-9999
2011	2	28	0	1.52	0.72	0.08	-9999	-9999	-9999
2011	3	1	0	1.4	0.68	0.08	-9999	0.06	-9999
2011	3	2	0	1.4	0.68	0.09	-9999	0.05	-9999
2011	3	3	0	1.4	0.66	0.09	-9999	0.05	-9999
2011	3	4	0	1.4	0.63	0.09	-9999	0.05	-9999
2011	3	5	0	1.4	0.63	0.1	-9999	0.04	-9999
2011	3	6	0	1.29	0.6	0.1	-9999	0.04	-9999
2011	3	7	0	1.28	0.59	0.1	-9999	0.03	-9999
2011	3	8	0	1.28	0.59	0.09	-9999	0.03	-9999
2011	3	9	0	1.2	0.59	0.09	-9999	0.02	-9999
2011	3	10	0	1.06	0.59	0.09	-9999	0.02	-9999
2011	3	11	0	1.1	0.61	0.12	-9999	0.02	-9999
2011	3	12	0	6.35	1.36	0.47	-9999	2.4	-9999
2011	3	13	0	10.25	2.7	0.95	-9999	1.73	-9999
2011	3	14	0	8.8	3.55	0.45	-9999	1.26	-9999
2011	3	15	0	12.34	7.05	0.88	-9999	2.44	-9999
2011	3	16	0	21.95	9.53	2.1	-9999	2.9	-9999
2011	3	17	0	14.28	5.94	0.84	-9999	1.78	-9999
2011	3	18	0	10.74	4.06	0.51	-9999	1.35	-9999
2011	3	19	0	9.12	3.31	0.4	-9999	1.15	-9999
2011	3	20	0	7.94	2.89	0.33	-9999	0.99	-9999
2011	3	21	0	6.88	2.59	0.27	-9999	0.85	-9999
2011	3	22	0	6.74	2.44	0.28	-9999	0.93	-9999
2011	3	23	0	5.92	2.11	0.22	-9999	0.75	-9999
2011	3	24	0	5.14	1.92	0.21	-9999	0.63	-9999
2011	3	25	0	4.68	1.82	0.19	-9999	0.57	-9999
2011	3	26	0	4.47	1.86	-9999	-9999	0.51	-9999
2011	3	27	0	5.54	2.64	-9999	-9999	0.58	-9999
2011	3	28	0	6.45	2.89	-9999	-9999	0.5	-9999
2011	3	29	0	5.41	2.65	-9999	-9999	0.46	-9999
2011	3	30	0	5.33	2.6	-9999	-9999	0.43	-9999
2011	3	31	0	4.89	2.45	-9999	-9999	0.38	-9999
2011	4	1	0	5.1	2.74	-9999	-9999	0.35	-9999
2011	4	2	0	5.55	3.01	-9999	-9999	0.34	-9999
2011	4	3	0	5.56	2.95	-9999	-9999	0.33	-9999
2011	4	4	0	6.91	4.43	-9999	-9999	0.48	-9999
2011	4	5	0	7.1	3.65	-9999	-9999	0.46	-9999
2011	4	6	0	5.61	3.02	-9999	-9999	0.39	-9999
2011	4	7	0	5.11	2.86	-9999	-9999	0.34	-9999
2011	4	8	0	4.99	2.8	-9999	-9999	0.31	-9999
2011	4	9	0	4.72	2.65	-9999	-9999	0.31	-9999
2011	4	10	0	4.25	2.4	-9999	-9999	0.27	-9999
2011	4	11	0	3.82	2.1	-9999	-9999	0.25	-9999
2011	4	12	0	3.34	1.78	-9999	-9999	0.21	-9999
2011	4	13	0	3.01	1.55	-9999	-9999	0.18	-9999
2011	4	14	0	2.81	1.44	-9999	-9999	0.16	-9999
2011	4	15	0	2.57	1.31	-9999	-9999	0.14	-9999
2011	4	16	0	2.4	1.21	-9999	-9999	0.13	-9999
2011	4	17	0	2.24	1.08	-9999	-9999	0.11	-9999
2011	4	18	0	2.06	1	-9999	-9999	0.1	-9999
2011	4	19	0	1.94	0.99	-9999	-9999	0.09	-9999
2011	4	20	0	1.94	0.94	0.11	-9999	0.08	-9999
2011	4	21	0	1.87	0.87	0.12	-9999	0.08	-9999
2011	4	22	0	1.79	0.87	0.13	-9999	0.08	-9999
2011	4	23	0	1.84	0.87	0.14	-9999	0.11	-9999
2011	4	24	0	2.01	0.91	0.13	-9999	0.08	-9999
2011	4	25	0	1.81	0.85	0.11	-9999	0.06	-9999
2011	4	26	0	1.65	0.81	0.12	-9999	0.05	-9999
2011	4	27	0	1.52	0.82	0.13	-9999	0.04	-9999
2011	4	28	0	1.53	0.85	0.12	-9999	0.06	-9999
2011	4	29	0	1.8	0.83	0.12	-9999	0.05	-9999
2011	4	30	0	1.88	0.95	0.12	-9999	0.09	-9999
2011	5	1	0	2.02	1.05	0.12	-9999	0.1	-9999
2011	5	2	0	2.23	1.24	0.15	-9999	0.3	-9999
2011	5	3	0	3.54	1.67	0.12	-9999	0.28	-9999
2011	5	4	0	2.85	1.4	0.14	-9999	0.16	-9999
2011	5	5	0	2.42	1.22	0.2	-9999	0.13	-9999
2011	5	6	0	2.33	1.16	0.12	-9999	0.09	-9999
2011	5	7	0	2.7	1.63	0.3	-9999	0.54	-9999
2011	5	8	0	12.61	7.04	0.41	-9999	0.87	-9999
2011	5	9	0	7.89	3.48	0.19	-9999	0.44	-9999
2011	5	10	0	5.39	2.37	0.15	-9999	0.33	-9999
2011	5	11	0	4.2	1.96	0.12	-9999	0.26	-9999
2011	5	12	0	5.33	3.1	0.11	-9999	0.24	-9999
2011	5	13	0	4.63	2.42	0.13	-9999	0.2	-9999
2011	5	14	0	3.77	2	0.12	-9999	0.16	-9999
2011	5	15	0	3.27	1.59	0.12	-9999	0.13	-9999
2011	5	16	0	2.77	1.32	0.13	-9999	0.1	-9999
2011	5	17	0	2.46	1.14	0.13	-9999	0.08	-9999
2011	5	18	0	2.24	1.11	0.12	-9999	0.07	-9999
2011	5	19	0	2.46	1.33	0.11	-9999	0.06	-9999
2011	5	20	0	2.37	1.2	0.12	-9999	0.06	-9999
2011	5	21	0	2.15	1.05	0.13	-9999	0.05	-9999
2011	5	22	0	1.9	0.93	0.12	-9999	0.08	-9999
2011	5	23	0	1.82	0.88	0.12	-9999	0.05	-9999
2011	5	24	0	1.51	0.79	0.12	-9999	0.03	-9999
2011	5	25	0	1.43	0.76	0.11	-9999	0.03	-9999
2011	5	26	0	1.29	0.72	0.1	-9999	0.05	-9999
2011	5	27	0	1.72	0.92	0.16	-9999	0.14	-9999
2011	5	28	0	1.57	0.79	0.13	-9999	0.03	-9999
2011	5	29	0	1.37	0.71	0.12	-9999	0.03	-9999
2011	5	30	0	2.32	0.96	0.27	-9999	0.76	-9999
2011	5	31	0	5.95	1.75	0.3	-9999	0.8	-9999
2011	6	1	0	3.54	1.28	0.16	-9999	0.19	-9999
2011	6	2	0	2.43	1.02	0.12	-9999	0.06	-9999
2011	6	3	0	2.09	0.94	0.17	-9999	0.1	-9999
2011	6	4	0	2.87	0.94	0.2	-9999	0.1	-9999
2011	6	5	0	2.69	0.95	0.14	-9999	0.08	-9999
2011	6	6	0	5.54	1.02	1.34	-9999	3.48	-9999
2011	6	7	0	11.24	2.08	2.41	-9999	7.39	-9999
2011	6	8	0	11.71	3.93	1.42	-9999	5.29	-9999
2011	6	9	0	8.07	2.52	0.72	-9999	3.58	-9999
2011	6	10	0	16.18	4.92	3.55	-9999	7.29	-9999
2011	6	11	0	12.89	3.91	1.87	-9999	4.38	-9999
2011	6	12	0	9.46	2.89	0.86	-9999	3.23	-9999
2011	6	13	0	8.1	2.48	0.55	-9999	2.99	-9999
2011	6	14	0	7	2.24	0.43	-9999	2.29	-9999
2011	6	15	0	6.04	1.84	0.34	-9999	1.9	-9999
2011	6	16	0	5.21	1.62	0.28	-9999	1.6	-9999
2011	6	17	0	4.5	1.46	0.27	-9999	1.39	-9999
2011	6	18	0	3.88	1.28	0.23	-9999	1.11	0.01
2011	6	19	0	3.35	1.13	0.15	0	0.9	0.01
2011	6	20	0	2.89	1.01	0.14	0	0.72	0.01
2011	6	21	0	2.5	0.9	0.12	0	0.58	0.01
2011	6	22	0	2.15	0.83	0.11	0	0.46	0.01
2011	6	23	0	2.23	0.85	0.15	0	0.44	0.01
2011	6	24	0	1.92	0.76	0.1	0	0.29	0.01
2011	6	25	0	1.64	0.69	0.09	0	0.21	0.01
2011	6	26	0	1.5	0.64	0.08	0	0.16	0.01
2011	6	27	0	1.38	0.59	0.07	0	0.11	0
2011	6	28	0	1.29	0.56	0.06	0	0.08	0
2011	6	29	0	1.17	0.55	0.06	0	0.06	0
2011	6	30	0	1.17	0.5	0.06	0	0.03	0
2011	7	1	0	1.14	0.44	0.06	0	0.02	0
2011	7	2	0	1.06	0.41	0.05	0	0.05	0
2011	7	3	0	1.4	0.41	0.1	0	0.09	0
2011	7	4	0	2.53	0.45	0.25	0	0.09	0.01
2011	7	5	0	1.42	0.42	0.37	0	0.07	0.01
2011	7	6	0	1.06	0.38	0.23	0	0.06	0
2011	7	7	0	0.96	0.36	0.12	0	0.05	0
2011	7	8	0	0.95	0.34	0.05	0	0.05	0
2011	7	9	0	0.87	0.33	0.02	0	0.05	0
2011	7	10	0	0.9	0.31	0	0	0.04	0
2011	7	11	0	0.8	0.28	0	0	0.03	0
2011	7	12	0	0.78	0.26	0	0	0.03	0
2011	7	13	0	2.59	0.89	0.23	0	0.81	0.04
2011	7	14	0	1.18	0.47	0.03	0	0.23	0
2011	7	15	0	1.14	0.41	0.04	0	0.16	0
2011	7	16	0	0.9	0.34	0.02	0	0.12	0
2011	7	17	0	0.8	0.3	0.02	0	0.12	0
2011	7	18	0	0.86	0.27	0.02	0	0.11	0
2011	7	19	0	0.94	0.31	0.09	0	0.22	0.05
2011	7	20	0	0.9	0.28	0.03	0	0.11	0.01
2011	7	21	0	0.86	0.25	0.03	0	0.1	0.01
2011	7	22	0	0.83	0.24	0.03	0	0.1	0.01
2011	7	23	0	0.79	0.22	0.03	0	0.09	0.01
2011	7	24	0	0.76	0.21	0.03	0	0.09	0.01
2011	7	25	0	0.73	0.2	0.02	0	0.08	0.01
2011	7	26	0	0.69	0.2	0.02	0	0.09	0.01
2011	7	27	0	0.67	0.2	0.02	0	0.08	0.01
2011	7	28	0	0.64	0.19	0.02	0	0.08	0.01
2011	7	29	0	0.61	0.19	0.02	0	0.07	0.01
2011	7	30	0	0.58	0.17	0.02	0	0.07	0.01
2011	7	31	0	0.56	0.16	0.02	0	0.06	0.01
2011	8	1	0	0.54	0.17	0.02	0	0.06	0.01
2011	8	2	0	0.51	0.15	0.02	0	0.06	0.01
2011	8	3	0	0.49	0.15	0.02	0	0.06	0.01
2011	8	4	0	0.53	0.13	0.02	0	0.06	0.01
2011	8	5	0	0.49	0.19	0.02	0	0.23	0
2011	8	6	0	0.92	0.43	0.02	0	0.23	0
2011	8	7	0	0.74	0.21	0.02	0	0.1	0
2011	8	8	0	0.63	0.16	0.02	0	0.08	0
2011	8	9	0	0.63	0.12	0.02	0	0.07	0
2011	8	10	0	0.54	0.18	0.02	0	0.06	0
2011	8	11	0	0.49	0.32	0.02	0	0.06	0
2011	8	12	0	0.49	0.33	0.01	0	0.06	0
2011	8	13	0	0.49	0.32	0.01	0	0.06	0
2011	8	14	0	0.49	0.33	0.01	0	0.09	-9999
2011	8	15	0	0.49	0.34	0.01	0	0.07	-9999
2011	8	16	0	0.49	0.33	0.01	0	0.05	-9999
2011	8	17	0	0.45	0.32	0.01	0	0.04	-9999
2011	8	18	0	0.43	0.15	0.01	0	0.05	0
2011	8	19	0	0.43	0.07	0.02	0	0.04	0
2011	8	20	0	0.4	0.07	0.02	0	0.04	0
2011	8	21	0	0.38	0.07	0.01	0	0.03	0
2011	8	22	0	0.39	0.07	0.01	0	0.03	0
2011	8	23	0	0.4	0.07	0.01	0	0.03	0
2011	8	24	0	0.39	0.08	0.02	0	0.03	0
2011	8	25	0	1.54	0.34	0.02	0	0.89	0.06
2011	8	26	0	0.68	0.21	0.02	0	0.09	0.01
2011	8	27	0	0.56	0.15	0.01	0	0.06	0.01
2011	8	28	0	0.54	0.13	0.02	0	0.05	0.01
2011	8	29	0	0.49	0.1	0.02	0	0.05	0.01
2011	8	30	0	0.49	0.09	0.02	0	0.04	0.01
2011	8	31	0	0.49	0.11	0.01	0	0.05	0.01
2011	9	1	0	0.49	0.15	0.01	0	0.05	0.02
2011	9	2	0	0.49	0.17	0.01	0	0.05	0.02
2011	9	3	0	0.49	0.21	0.01	0	0.06	0.02
2011	9	4	0	0.49	0.22	0.01	0	0.05	0.02
2011	9	5	0	0.49	0.2	0.01	0	0.04	0.01
2011	9	6	0	0.49	0.2	0.01	0	0.04	0.01
2011	9	7	0	0.49	0.16	0.01	0	0.03	0.01
2011	9	8	0	0.49	0.08	0.01	0	0.03	0.01
2011	9	9	0	0.49	0.07	0.01	0	0.03	0.01
2011	9	10	0	0.49	0.06	0.01	0	0.03	0.01
2011	9	11	0	0.49	0.07	0.01	0	0.03	0
2011	9	12	0	0.43	0.06	0.01	0	0.03	0
2011	9	13	0	0.43	0.06	0.01	0	0.03	0
2011	9	14	0	0.45	0.06	0.01	0	0.03	0
2011	9	15	0	0.44	0.05	0.01	0	0.03	0
2011	9	16	0	0.39	0.05	0.01	0	0.02	0
2011	9	17	0	0.38	0.05	0.01	0	0.02	0
2011	9	18	0	0.41	0.05	0.01	0	0.01	-9999
2011	9	19	0	0.43	0.04	0.01	0	0.01	-9999
2011	9	20	0	0.43	0.04	0.01	0	0.01	-9999
2011	9	21	0	0.39	0.04	0.01	0	0	-9999
2011	9	22	0	0.38	0.04	0.01	0	0.01	-9999
2011	9	23	0	0.41	0.07	0.01	0	0.02	0
2011	9	24	0	4.75	0.38	0.7	0	1.03	0.01
2011	9	25	0	2.25	0.4	0.02	0	0.15	0.01
2011	9	26	0	1.94	0.2	0.01	0	0.14	0.01
2011	9	27	0	1.85	0.1	0	0	0.12	0.01
2011	9	28	0	1.92	0.08	0	0	0.13	0.01
2011	9	29	0	2.02	0.07	0	0	0.12	0.01
2011	9	30	0	2.02	0.06	0	0	0.11	0.01
2011	10	1	0	2.02	0.05	0	0	0.1	0.01
2011	10	2	0	2.02	0.04	0	0	0.09	0.01
2011	10	3	0	1.87	0.04	0	0	0.08	0.01
2011	10	4	0	1.86	0.04	0	0	0.07	0.01
2011	10	5	0	1.86	0.03	0	0	0.06	0.01
2011	10	6	0	1.86	0.03	0	0	0.05	0.01
2011	10	7	0	1.86	0.02	0	0	0.05	0.01
2011	10	8	0	1.86	0.02	0	0	0.04	0.01
2011	10	9	0	1.86	0.02	0	0	0.03	0.01
2011	10	10	0	1.86	0.02	0	0	0.03	0.01
2011	10	11	0	1.86	0.02	0	0	-9999	0.01
2011	10	12	0	1.86	0.02	0	0	0	0.01
2011	10	13	0	1.79	0.02	0	0	0	0.01
2011	10	14	0	1.72	0.02	0	0	0.01	0.01
2011	10	15	0	1.72	0.02	0	0	0.01	0.01
2011	10	16	0	1.72	0.02	0	0	0.02	0.01
2011	10	17	0	1.72	0.02	0	0	0.02	0.01
2011	10	18	0	1.72	0.02	0	0	0.03	0.01
2011	10	19	0	1.72	0.02	0	0	0.03	0.01
2011	10	20	0	1.72	0.02	0	0	0.02	0.01
2011	10	21	0	1.72	0.02	0	0	0.02	0.01
2011	10	22	0	1.72	0.02	0	0	0.02	0.01
2011	10	23	0	1.72	0.02	0	0	0.02	0.01
2011	10	24	0	2.29	0.06	0.14	0	0.78	0.01
2011	10	25	0	2.05	0.69	0.02	0	0.27	0.01
2011	10	26	0	2.02	0.27	0	0	0.03	0.01
2011	10	27	0	6.49	2.26	0.3	0.01	1.94	0.03
2011	10	28	0	5.09	3.87	0.26	0	0.51	0.01
2011	10	29	0	4.35	1.44	0.08	0	0.11	0.01
2011	10	30	0	4.35	0.9	0.05	0.02	0.05	0.01
2011	10	31	0	4.35	0.69	0.03	0.05	0.03	0.01
2011	11	1	0	4.46	0.63	0.03	0.08	0.15	0.01
2011	11	2	0	4.32	0.72	0.03	0.12	0.15	0.01
2011	11	3	0	13.45	9.63	0.85	0.21	3.75	0.11
2011	11	4	0	21.29	11.26	1.11	0.59	4.17	0.24
2011	11	5	0	32.4	15.82	1.5	2.66	5.2	0.13
2011	11	6	0	7.97	7.1	0.49	2.46	2.43	0.01
2011	11	7	0	5.57	4.87	0.28	1.99	1.93	0.01
2011	11	8	0	4.83	3.7	0.2	1.6	1.69	0.01
2011	11	9	0	4.39	2.87	0.15	1.09	1.52	0.01
2011	11	10	0	4.1	2.46	0.12	0.68	1.39	0.01
2011	11	11	0	3.85	2.17	0.1	0.57	1.24	0.01
2011	11	12	0	3.38	1.9	0.08	0.39	1.11	0.01
2011	11	13	0	2.91	1.66	0.07	0.2	1	0.01
2011	11	14	0	2.63	1.53	0.06	0.14	0.91	0.01
2011	11	15	0	4.57	2.2	0.32	0.09	1.8	0.1
2011	11	16	0	10.08	4.75	0.46	0.05	1.75	0.05
2011	11	17	0	7.4	3.5	0.29	0.02	1.34	0.02
2011	11	18	0	5.67	2.78	0.21	0.01	1.15	0.02
2011	11	19	0	4.67	2.35	0.16	0	1.03	0.02
2011	11	20	0	4.02	2.12	0.13	0	0.95	0.01
2011	11	21	0	3.64	1.93	0.1	0	0.87	0.02
2011	11	22	0	3.88	1.98	0.13	0	0.86	0.02
2011	11	23	0	3.48	1.9	0.09	0	0.79	0.02
2011	11	24	0	3.05	1.75	0.08	0	0.72	0.01
2011	11	25	0	2.76	1.59	0.07	0	-9999	0.01
2011	11	26	0	2.51	1.45	0.06	0	-9999	0.01
2011	11	27	0	2.3	1.34	0.05	0	-9999	0.01
2011	11	28	0	2.14	1.25	0.05	0	-9999	0.01
2011	11	29	0	1.98	1.17	0.04	0	-9999	0.01
2011	11	30	0	1.84	1.1	0.03	0	-9999	0.01
2011	12	1	0	1.66	1.04	0.03	0	0.32	0.01
2011	12	2	0	1.55	1.01	0.02	0	0.3	0.01
2011	12	3	0	1.52	0.97	0.03	0	0.27	0.01
2011	12	4	0	1.4	0.94	0.02	0	0.25	0.01
2011	12	5	0	1.37	0.91	0.02	0	0.23	0.01
2011	12	6	0	1.28	0.87	0.02	0	0.21	0.01
2011	12	7	0	1.18	0.85	0.02	0	0.19	0.01
2011	12	8	0	1.17	0.83	0.02	0	0.17	0.01
2011	12	9	0	1.08	0.83	0.01	0	0.16	0.01
2011	12	10	0	1.06	0.82	0.01	0	0.14	0.01
2011	12	11	0	1.06	0.81	0.02	0	0.12	0.01
2011	12	12	0	0.96	0.82	0.02	0	0.11	0.01
2011	12	13	0	0.96	0.82	0.01	0	0.1	0.01
2011	12	14	0	0.96	0.83	0.01	0	0.09	0.01
2011	12	15	0	0.92	0.8	0.01	0	0.08	0.01
2011	12	16	0	0.9	0.81	0.01	0	0.07	0.01
2011	12	17	0	0.9	0.79	0.01	0	0.06	0.01
2011	12	18	0	0.83	0.75	0.01	0	0.04	0.01
2011	12	19	0	0.75	0.72	0.01	0	0.02	0.01
2011	12	20	0	0.77	0.73	0.01	0	-9999	0.01
2011	12	21	0	0.79	0.74	0	0	-9999	0.01
2011	12	22	0	0.78	0.74	0	0	-9999	0.01
2011	12	23	0	0.76	0.72	0	0	-9999	0.01
2011	12	24	0	0.71	0.72	0	0	-9999	0.01
2011	12	25	0	0.69	0.71	0	0	0.03	0.01
2011	12	26	0	0.69	0.7	0	0	0.03	0.01
2011	12	27	0	0.66	0.71	0	0	0.02	0.01
2011	12	28	0	0.65	0.7	0	0	0.02	0.01
2011	12	29	0	0.65	0.7	0	0	0.01	0.01
2011	12	30	0	0.63	0.7	0	0	0.02	0.01
2011	12	31	0	0.63	0.72	0	0	0.02	0.02
2012	1	1	0	0.63	0.72	0	0	0.02	0.02
2012	1	2	0	0.63	0.75	0	0	0.02	0.02
2012	1	3	0	0.63	0.72	0	0	0.02	0.01
2012	1	4	0	0.63	0.73	0	0	0.02	0.02
2012	1	5	0	0.63	0.72	0	0	0.02	0.02
2012	1	6	0	0.63	0.74	0	0	0.02	0.02
2012	1	7	0	0.61	0.73	0	0	0.02	0.01
2012	1	8	0	0.58	0.71	0	0	0.02	0.01
2012	1	9	0	0.57	0.72	0	0	0.02	0.01
2012	1	10	0	0.56	0.71	0	0	0.02	0.01
2012	1	11	0	0.55	0.71	0	0	0.03	0.01
2012	1	12	0	0.55	0.7	0	0	0.03	0.01
2012	1	13	0	0.54	0.7	0	0	0.03	0.01
2012	1	14	0	0.52	0.65	0	0	0.03	0.01
2012	1	15	0	0.52	0.6	0	0	0.03	0.01
2012	1	16	0	0.52	0.64	0	0	0.03	0.01
2012	1	17	0	0.52	0.65	0	0	0.03	0.01
2012	1	18	0	0.52	0.65	0	0	0.04	0.01
2012	1	19	0	0.51	0.66	0	0	0.04	0.01
2012	1	20	0	0.53	0.7	0	0	0.02	0.01
2012	1	21	0	0.56	0.71	0	0	0.02	0.01
2012	1	22	0	0.54	0.72	0	0	0.02	0.01
2012	1	23	0	0.52	0.72	0	0	0.02	0.01
2012	1	24	0	0.49	0.71	0	0	0.02	0.01
2012	1	25	0	0.49	0.7	0	0	0.02	0.01
2012	1	26	0	0.49	0.71	0	0	0.03	0.01
2012	1	27	0	0.49	0.75	0	0	0.02	0.01
2012	1	28	0	0.49	0.74	0	0	0.02	0.01
2012	1	29	0	0.49	0.71	0	0	0.02	0.01
2012	1	30	0	0.47	0.7	0	0	0.02	0.02
2012	1	31	0	0.48	0.64	0	0	0.05	0.01
2012	2	1	0	0.49	0.72	0	0	0.05	0.01
2012	2	2	0	0.53	0.7	0	0	0.03	0.01
2012	2	3	0	0.44	0.42	0	0	0.03	0.01
2012	2	4	0	0.38	0.38	0	0	0.09	-9999
2012	2	5	0	0.41	0.48	0	0	0.07	-9999
2012	2	6	0	0.51	0.62	0	0	0.09	-9999
2012	2	7	0	0.42	0.48	0	0	0.15	-9999
2012	2	8	0	0.37	0.42	0	0	0.17	-9999
2012	2	9	0	0.44	0.48	0	0	0.12	0.04
2012	2	10	0	0.46	0.56	0	0	0.04	0.04
2012	2	11	0	0.38	0.44	0	0	0.08	0.13
2012	2	12	0	0.38	0.37	0	0	0.09	0.11
2012	2	13	0	0.42	0.5	0	0	0.14	0.07
2012	2	14	0	0.47	0.54	0	0	0.11	0.07
2012	2	15	0	0.44	0.58	0	0	0.12	0.07
2012	2	16	0	0.42	0.65	0	0	0.11	0.07
2012	2	17	0	0.4	0.64	0	0	0.06	0.07
2012	2	18	0	0.41	0.65	0	0	0.06	0.08
2012	2	19	0	0.43	0.66	0	0	0.06	0.08
2012	2	20	0	0.43	0.65	0	0	0.05	0.08
2012	2	21	0	0.4	0.61	0	0	0.05	0.09
2012	2	22	0	0.4	0.62	0	0	0.04	0.09
2012	2	23	0	0.39	0.66	0	0	0.04	0.12
2012	2	24	0	0.38	0.68	0	0	0.03	0.11
2012	2	25	0	0.4	0.68	0	0	0.03	0.08
2012	2	26	0	0.43	0.7	0	0	0.03	0.04
2012	2	27	0	0.43	0.67	0	0	0.03	0.01
2012	2	28	0	0.43	0.66	0	0	0.03	0.01
2012	2	29	0	0.43	0.67	0	0	0.03	0.01
2012	3	1	0	0.43	0.67	0	0	0.03	0.01
2012	3	2	0	0.43	0.67	0	0	0.02	0.01
2012	3	3	0	0.43	0.68	0	0	0.02	0.02
2012	3	4	0	0.43	0.67	0	0	0.02	0.02
2012	3	5	0	0.43	0.65	0	0	0.02	0.02
2012	3	6	0	0.43	0.65	0	0	0.02	0.02
2012	3	7	0	0.42	0.65	0	0	0.03	0.02
2012	3	8	0	0.38	0.66	0	0	0.03	0.02
2012	3	9	0	0.38	0.65	0	0	0.04	0.02
2012	3	10	0	0.38	0.64	0	0	0.06	0.02
2012	3	11	0	0.38	0.65	0	0	0.07	0.02
2012	3	12	0	0.38	0.65	0	0	0.08	0.02
2012	3	13	0	0.38	0.65	0	0	0.1	0.02
2012	3	14	0	0.38	0.66	0	0	0.11	0.02
2012	3	15	0	0.38	0.66	0	0	0.12	0.02
2012	3	16	0	0.4	0.65	0	0	0.14	0.02
2012	3	17	0	0.43	0.65	0	0	0.15	0.02
2012	3	18	0	0.4	0.65	0	0	0.17	0.02
2012	3	19	0	0.43	0.63	0	0	0.18	0.02
2012	3	20	0	0.4	0.64	0	0	0.15	0.02
2012	3	21	0	1.03	0.93	0.49	0.16	0.64	0.34
2012	3	22	0	16.25	3.91	1.82	2.59	1.51	0.47
2012	3	23	0	8.38	3.22	1.14	1.37	0.25	0.1
2012	3	24	0	6.51	2.77	0.59	0.49	0.09	0.05
2012	3	25	0	4.75	2.31	0.31	0.14	0.04	0.03
2012	3	26	0	3.98	2.04	0.19	0	0.04	0.03
2012	3	27	0	3.48	1.83	0.12	0	0.05	0.02
2012	3	28	0	2.98	1.56	0.08	0	0.17	0.02
2012	3	29	0	2.63	1.37	0.05	0	0.17	0.02
2012	3	30	0	2.47	1.36	0.04	0	0.03	0.02
2012	3	31	0	2.31	1.34	0.03	0	0.03	0.02
2012	4	1	0	2.21	1.3	0.02	0	0.03	0.02
2012	4	2	0	2.18	1.42	0.02	0	0.03	0.02
2012	4	3	0	2.55	1.9	0.01	0	0.13	0.02
2012	4	4	0	2.95	2.06	0.02	0	0.77	0.06
2012	4	5	0	6.65	4.29	0.13	0.05	1.88	0.07
2012	4	6	0	10.5	5.68	0.31	0.11	2.14	0.09
2012	4	7	0	10.08	4.48	0.43	0.1	1.67	0.07
2012	4	8	0	7.41	3.33	0.34	0.02	1.14	0.05
2012	4	9	0	5.74	2.75	0.25	0.01	0.98	0.04
2012	4	10	0	4.83	2.62	0.19	0.01	0.9	0.03
2012	4	11	0	4.68	2.47	0.14	0	0.78	0.03
2012	4	12	0	3.91	2.07	0.17	0.04	0.7	0.03
2012	4	13	0	4.04	1.84	0.28	0.11	0.63	0.03
2012	4	14	0	3.29	1.6	0.2	0	0.57	0.03
2012	4	15	0	2.92	1.36	0.15	0	0.5	0.02
2012	4	16	0	2.48	1.06	0.12	0	0.46	0.02
2012	4	17	0	2.22	1	0.1	0	-9999	0.02
2012	4	18	0	2.09	0.98	0.08	0	-9999	0.02
2012	4	19	0	2.22	1.02	0.07	0	0.6	0.03
2012	4	20	0	1.97	0.95	0.05	0	0.7	0.02
2012	4	21	0	1.83	0.97	0.05	0	0.51	0.02
2012	4	22	0	2.07	1.04	0.04	0	0.07	0.02
2012	4	23	0	1.94	0.99	0.04	0	0.05	0.02
2012	4	24	0	1.92	1.02	0.03	0	0.04	0.02
2012	4	25	0	1.75	0.95	0.03	0	0.03	0.02
2012	4	26	0	1.64	0.98	0.02	0	0.02	0.01
2012	4	27	0	1.68	1.1	0.02	0	0.01	0.01
2012	4	28	0	2.16	1.59	0.04	0	0.05	0.02
2012	4	29	0	7.11	4.07	0.28	0.02	0.11	0.04
2012	4	30	0	14.81	5.04	0.83	0.9	0.83	0.39
2012	5	1	0	14.24	5.63	1.14	0.29	0.23	0.12
2012	5	2	0	12.03	5.36	0.9	0.1	0.14	0.07
2012	5	3	0	10.38	4.63	0.68	0.06	0.11	0.05
2012	5	4	0	9.62	4.68	0.52	0.03	0.13	0.05
2012	5	5	0	9.53	4.58	0.42	0.02	0.11	0.04
2012	5	6	0	8.07	3.74	0.34	0.01	0.08	0.04
2012	5	7	0	6.66	3.08	0.28	0.01	0.06	0.03
2012	5	8	0	5.72	3.07	0.23	0	0.05	0.03
2012	5	9	0	7.11	3.91	0.27	0.01	0.08	0.03
2012	5	10	0	6.63	3.78	0.21	0	0.06	0.02
2012	5	11	0	6.12	3.65	0.18	0	0.05	0.02
2012	5	12	0	5.52	3.25	0.14	0.01	0.04	0.02
2012	5	13	0	4.82	2.85	0.11	0.01	0.04	0.02
2012	5	14	0	3.94	2.21	0.09	0	0.03	0.02
2012	5	15	0	3.08	1.75	0.08	0	0.03	0.02
2012	5	16	0	2.71	1.57	0.06	0	0.02	0.02
2012	5	17	0	2.39	1.33	0.06	0	0.02	0.02
2012	5	18	0	2.19	1.33	0.05	0	0.02	0.02
2012	5	19	0	2.09	1.18	0.04	0	0.04	0.02
2012	5	20	0	3.08	1.78	0.17	0	0.13	0.06
2012	5	21	0	3.42	1.98	0.17	0	0.07	0.04
2012	5	22	0	2.72	1.61	0.11	0.01	0.05	0.03
2012	5	23	0	2.36	1.49	0.07	0.01	0.04	0.02
2012	5	24	0	2.14	1.31	0.05	0	0.03	0.02
2012	5	25	0	2	1.4	0.04	0	0.03	0.02
2012	5	26	0	1.89	1.19	0.03	0	0.02	0.02
2012	5	27	0	1.63	1.02	0.02	0	0.02	0.01
2012	5	28	0	1.5	1.1	0.02	0	0.14	0.01
2012	5	29	0	3.86	2.3	0.02	0	0.33	0.01
2012	5	30	0	2.7	1.52	0.01	0	0.08	0.01
2012	5	31	0	2.13	1.23	0.01	0	0.04	0.01
2012	6	1	0	1.81	1.01	0.01	0	0.02	0.01
2012	6	2	0	1.62	0.99	0.01	0	0.01	0.01
2012	6	3	0	3.76	1.46	0.19	0.07	0.54	0.04
2012	6	4	0	4.23	2.05	0.32	0.01	0.1	0.03
2012	6	5	0	2.93	1.58	0.2	0	0.04	0.01
2012	6	6	0	2.31	1.27	0.12	0	0.23	0.01
2012	6	7	0	2.05	1.15	0.08	0	0.22	0.03
2012	6	8	0	2.22	1.28	0.05	0	0.18	0.03
2012	6	9	0	1.84	1.02	0.04	0	0.14	0.01
2012	6	10	0	1.65	0.92	0.02	0	0.11	0.01
2012	6	11	0	1.57	0.82	0	0	0.1	0.01
2012	6	12	0	1.51	0.86	0.01	0	0.07	0.01
2012	6	13	0	1.37	0.75	0	0	0.03	0.01
2012	6	14	0	1.22	0.71	0	0	0.02	0.01
2012	6	15	0	1.14	0.65	0	0	0.03	0.01
2012	6	16	0	1.04	0.58	0	0	0.04	0.01
2012	6	17	0	0.96	0.53	0	0	0.04	0.01
2012	6	18	0	0.96	0.56	0	0	0.04	0.01
2012	6	19	0	1.48	0.8	0.12	0.01	0.32	0.06
2012	6	20	0	11.8	7.11	0.24	0.21	0.67	0.14
2012	6	21	0	5.7	3.34	0.08	0	0.3	0.01
2012	6	22	0	3.29	2.09	0.04	0	0.22	0.01
2012	6	23	0	2.44	1.44	0.03	0	0.18	0.01
2012	6	24	0	1.96	1.12	0.02	0	0.17	0.01
2012	6	25	0	1.64	0.97	0.02	0	0.16	0.01
2012	6	26	0	1.47	0.85	0.01	0	0.14	0.01
2012	6	27	0	1.28	0.79	0	0	0.14	0.01
2012	6	28	0	1.24	0.71	0.01	0	0.13	0.01
2012	6	29	0	1.17	0.65	0	0	0.12	0.01
2012	6	30	0	1.17	0.56	0	0	0.12	0.01
2012	7	1	0	1.17	0.57	0	0	0.12	0.01
2012	7	2	0	1.17	0.58	0	0	0.12	0.01
2012	7	3	0	1.16	0.55	0	0	0.11	0.01
2012	7	4	0	1.06	0.58	0.01	0	0.1	0.01
2012	7	5	0	1.51	0.76	0.94	0	0.28	0.01
2012	7	6	0	1.72	0.7	0.46	0	0.14	0.01
2012	7	7	0	1.28	0.59	0.03	0	0.12	0.01
2012	7	8	0	1.28	0.61	0.01	0	0.12	0
2012	7	9	0	1.28	0.58	0	0	0.12	0
2012	7	10	0	1.28	0.55	0	0	0.12	0
2012	7	11	0	1.01	0.52	0	0	0.11	0
2012	7	12	0	0.7	0.54	0	0	0.11	0
2012	7	13	0	0.7	0.57	0	0	0.1	0
2012	7	14	0	0.31	0.6	0	0	0.1	0
2012	7	15	0	0.7	0.6	0	0	0.1	0
2012	7	16	0	0.7	0.58	0	0	0.1	0
2012	7	17	0	0.7	0.56	0	0	0.1	0
2012	7	18	0	0.7	0.58	0	0	0.1	0
2012	7	19	0	0.7	0.57	0	0	0.09	0
2012	7	20	0	0.7	0.57	0	0	0.1	0
2012	7	21	0	0.7	0.58	0	0	0.1	0
2012	7	22	0	0.7	0.57	0	0	0.1	0
2012	7	23	0	0.7	0.57	0	0	0.1	0
2012	7	24	0	0.64	0.57	0	0	0.1	0
2012	7	25	0	0.63	0.57	0	0	0.1	0
2012	7	26	0	0.63	0.57	0	0	0.1	0
2012	7	27	0	0.63	0.58	0	0	0.11	0
2012	7	28	0	0.63	0.56	0	0	0.11	0
2012	7	29	0	0.63	0.57	0	0	0.11	0
2012	7	30	0	0.63	0.57	0	0	0.1	0
2012	7	31	0	0.63	0.57	0	0	0.1	0
2012	8	1	0	0.63	0.57	0	0	0.1	0
2012	8	2	0	0.54	0.57	0	0	0.09	0
2012	8	3	0	0.38	0.58	0	0	0.1	0
2012	8	4	0	0.38	0.44	0	0	0.1	0
2012	8	5	0	0.35	0.48	0	0	0.24	0.01
2012	8	6	0	0.54	0.44	0.01	0.14	0.31	0.02
2012	8	7	0	0.43	0.44	0	0.11	0.17	0.02
2012	8	8	0	0.43	0.47	0	0.08	0.15	0.02
2012	8	9	0	0.42	0.42	0	0.05	0.12	0.02
2012	8	10	0	0.38	0.46	0	0.03	0.13	0.01
2012	8	11	0	0.38	0.45	0	0.01	0.11	0.01
2012	8	12	0	0.38	0.45	0	0	0.11	0
2012	8	13	0	0.38	0.45	0	0	0.13	0
2012	8	14	0	0.38	0.45	0	0	0.13	0
2012	8	15	0	0.38	0.45	0	0	0.12	0
2012	8	16	0	0.38	0.45	0	0	0.13	0
2012	8	17	0	0.38	0.45	0	0	0.13	0
2012	8	18	0	0.38	0.45	0	0	0.12	0
2012	8	19	0	0.38	0.45	0	0	0.09	0
2012	8	20	0	0.38	0.46	0	0	0.07	0
2012	8	21	0	0.33	0.57	0	0	0.07	0
2012	8	22	0	0.33	0.56	0	0	0.04	0
2012	8	23	0	0.33	0.64	0	0	0.04	0
2012	8	24	0	0.33	0.66	0	0	0.06	0
2012	8	25	0	0.33	0.7	0	0	0.06	0
2012	8	26	0	0.33	0.64	0	0	0.06	0
2012	8	27	0	0.33	0.65	0	0	0.04	0
2012	8	28	0	0.33	0.61	0	0	0.06	0
2012	8	29	0	0.33	0.59	0	0	0.05	0
2012	8	30	0	0.55	0.59	0.02	0	0.56	0.11
2012	8	31	0	0.66	0.55	0.02	0	0.29	0.02
2012	9	1	0	0.27	0.7	0	0	0.17	0.02
2012	9	2	0	0.19	0.71	0	0	0.16	0.02
2012	9	3	0	0.14	0.7	0	0	0.14	0.02
2012	9	4	0	0.11	0.71	0	0	0.14	0.02
2012	9	5	0	0.09	0.7	0	0	0.16	0.02
2012	9	6	0	0.08	0.7	0	0	0.15	0.02
2012	9	7	0	0.07	0.7	0	0	0.12	0.02
2012	9	8	0	0.07	0.71	0	0	0.09	0.01
2012	9	9	0	0.07	0.7	0	0	0.1	0.01
2012	9	10	0	0.08	0.7	0	0	0.26	0
2012	9	11	0	0.08	0.64	0	0	0.15	0
2012	9	12	0	0.07	0.64	0	0	0.13	0
2012	9	13	0	0.07	0.64	0	0	0.14	0
2012	9	14	0	0.07	0.7	0	0	0.09	0
2012	9	15	0	0.06	0.7	0	0	0.05	0
2012	9	16	0	0.06	0.64	0	0	0.04	0
2012	9	17	0	0.07	0.72	0	0	0.04	0
2012	9	18	0	0.06	0.64	0	0	0.18	0
2012	9	19	0	0.08	0.55	0	0	0.18	0
2012	9	20	0	0.07	0.57	0	0	0.13	0
2012	9	21	0	0.07	0.58	0	0	0.11	0
2012	9	22	0	0.06	0.57	0	0	0.06	0
2012	9	23	0	0.07	0.57	0	0	0.05	0
2012	9	24	0	0.07	0.57	0	0	0.13	0
2012	9	25	0	0.07	0.56	0	0	0.09	0
2012	9	26	0	0.08	0.59	0	0	0.24	0
2012	9	27	0	0.12	0.55	0	0	0.15	0.01
2012	9	28	0	0.12	0.6	0	0	0.12	0.01
2012	9	29	0	0.13	0.55	0	0	0.27	0.01
2012	9	30	0	0.12	0.57	0	0	0.13	0.01
2012	10	1	0	0.1	0.57	0	0	0.1	0.01
2012	10	2	0	0.09	0.57	0	0	0.1	0.01
2012	10	3	0	0.09	0.57	0	0	0.09	-9999
2012	10	4	0	0.08	0.57	0	0.01	0.09	-9999
2012	10	5	0	0.07	0.57	0	0.01	0.07	-9999
2012	10	6	0	0.07	0.57	0	0.01	0.07	-9999
2012	10	7	0	0.07	0.57	0	0.02	0.06	-9999
2012	10	8	0	0.07	0.66	0	0.02	0.06	-9999
2012	10	9	0	0.07	0.55	0	0.02	0.04	-9999
2012	10	10	0	0.07	0.46	0	0.03	0.03	-9999
2012	10	11	0	0.11	0.5	0	0.03	0.3	-9999
2012	10	12	0	0.16	0.48	0	0.03	0.12	-9999
2012	10	13	0	0.12	0.42	0	0.04	0.15	-9999
2012	10	14	0	0.12	0.34	0	0.04	0.1	-9999
2012	10	15	0	0.11	0.34	0	0.04	0.14	-9999
2012	10	16	0	0.11	0.33	0	0.05	0.07	-9999
2012	10	17	0	0.11	0.32	0	0.05	0.07	-9999
2012	10	18	0	0.11	0.4	0	0.05	0.07	-9999
2012	10	19	0	1.04	1.58	0.15	0.38	0.56	-9999
2012	10	20	0	5.32	6.77	0.1	0.46	0.52	-9999
2012	10	21	0	8.52	-9999	0.16	0.43	0.56	-9999
2012	10	22	0	4.6	-9999	0.1	0.28	0.38	-9999
2012	10	23	0	1.88	-9999	0.04	0.21	0.32	-9999
2012	10	24	0	1.07	-9999	0.01	0.03	0.28	-9999
2012	10	25	0	3.06	1.4	0.19	0.02	0.72	0.08
2012	10	26	0	23.7	11.8	1.68	0.12	2.81	0.27
2012	10	27	0	15.87	6.9	1.2	0.25	1.15	0.04
2012	10	28	0	7.64	3.37	0.41	0.17	0.48	0.04
2012	10	29	0	5.03	2.35	0.14	0.11	0.31	0.04
2012	10	30	0	3.88	1.73	0.11	0.09	0.27	0.04
2012	10	31	0	3.26	1.43	0.1	0.09	0.24	0.04
2012	11	1	0	2.75	1.13	0.08	0.08	0.21	0.04
2012	11	2	0	2.36	0.99	0.07	0.06	0.19	0.04
2012	11	3	0	2.1	0.86	0.06	0.06	0.15	0.04
2012	11	4	0	6.65	2.48	0.53	1.06	0.66	0.13
2012	11	5	0	10.68	4.9	0.44	0.73	0.51	0.05
2012	11	6	0	6.52	2.9	0.2	0.39	0.21	0.04
2012	11	7	0	4.6	2.09	0.13	0.28	0.14	0.04
2012	11	8	0	3.74	1.84	0.1	0.22	0.11	0.04
2012	11	9	0	3.49	1.64	0.1	0.28	0.11	0.05
2012	11	10	0	3.86	2	0.17	0.48	0.26	0.05
2012	11	11	0	6.38	3.96	0.2	0.68	0.4	0.05
2012	11	12	0	6.86	3.8	0.19	0.4	0.22	0.05
2012	11	13	0	5.14	2.82	0.14	0.31	0.13	0.04
2012	11	14	0	4.21	2.3	0.1	0.3	0.09	0.04
2012	11	15	0	3.66	1.95	0.09	0.27	0.09	0.04
2012	11	16	0	3.25	1.73	0.08	0.27	0.08	0.04
2012	11	17	0	3	1.62	0.1	0.32	0.07	0.05
2012	11	18	0	3.4	1.7	0.11	0.48	0.14	0.06
2012	11	19	0	3	1.53	0.09	0.37	0.06	0.05
2012	11	20	0	2.87	1.38	0.08	0.3	0.05	0.05
2012	11	21	0	2.69	1.32	0.08	0.28	0.04	0.05
2012	11	22	0	2.38	1.19	0.08	0.28	0.04	0.05
2012	11	23	0	1.94	1.05	0.06	0.27	0.03	0.05
2012	11	24	0	1.94	0.99	0.06	0.28	0.03	0.05
2012	11	25	0	1.94	0.99	0.05	0.28	0.03	0.05
2012	11	26	0	4.21	3	0.53	0.92	0.53	0.07
2012	11	27	0	11.58	6.53	0.66	1.34	0.39	0.07
2012	11	28	0	7.53	3.99	0.4	1.01	0.19	0.06
2012	11	29	0	5.53	2.91	0.27	0.7	0.17	0.06
2012	11	30	0	4.2	2.22	0.2	0.54	0.15	0.05
2012	12	1	0	3.39	1.73	0.15	0.5	0.14	0.05
2012	12	2	0	2.9	1.51	0.12	0.57	0.13	0.05
2012	12	3	0	2.77	1.33	0.1	0.53	0.11	0.05
2012	12	4	0	2.7	1.19	0.09	0.39	0.08	0.05
2012	12	5	0	2.6	1.01	0.07	0.35	0.19	0.05
2012	12	6	0	2.6	0.81	0.06	0.36	0.28	0.05
2012	12	7	0	2.42	0.74	0.05	0.34	0.26	0.05
2012	12	8	0	2.42	0.73	0.04	0.32	0.24	0.05
2012	12	9	0	2.42	0.68	0.03	0.31	0.25	0.05
2012	12	10	0	2.42	0.59	0.03	0.35	0.24	0.05
2012	12	11	0	2.42	0.56	0.03	0.35	0.23	0.04
2012	12	12	0	2.42	0.55	0.02	0.3	0.25	0.04
2012	12	13	0	2.42	0.67	0.02	0.33	0.19	0.05
2012	12	14	0	2.5	0.79	0.18	0.49	0.44	0.06
2012	12	15	0	10.96	6.1	0.73	0.88	1.33	0.07
2012	12	16	0	8.63	3.99	0.39	0.94	0.65	0.06
2012	12	17	0	8.22	3.44	0.35	1.17	0.63	0.07
2012	12	18	0	-9999	2.56	0.28	0.92	0.48	0.06
2012	12	19	0	-9999	2.08	0.22	0.75	0.41	0.06
2012	12	20	0	-9999	1.76	0.18	0.63	0.36	0.06
2012	12	21	0	-9999	1.58	0.15	0.62	0.32	0.06
2012	12	22	0	-9999	1.37	0.12	0.55	0.28	0.06
2012	12	23	0	-9999	1.31	0.1	0.48	0.25	0.06
2012	12	24	0	2.98	1.33	0.09	0.44	0.23	0.06
2012	12	25	0	2.98	1.22	0.08	0.45	0.21	0.06
2012	12	26	0	2.98	1.11	0.07	0.41	0.2	0.06
2012	12	27	0	2.98	1	0.06	0.44	0.18	0.06
2012	12	28	0	2.98	0.9	0.05	0.37	0.17	0.05
2012	12	29	0	2.81	0.84	0.04	0.36	0.16	0.05
2012	12	30	0	2.79	0.77	0.04	0.35	0.15	0.05
2012	12	31	0	2.79	0.69	0.03	0.39	0.14	0.05
2013	1	1	0	2.79	0.73	0.03	0.37	0.13	0.05
2013	1	2	0	2.79	0.74	0.02	0.33	0.12	0.05
2013	1	3	0	2.79	0.71	0.02	0.36	0.13	0.05
2013	1	4	0	2.79	0.68	0.03	0.54	0.1	0.05
2013	1	5	0	2.79	0.65	0.02	0.4	0.1	0.05
2013	1	6	0	2.79	0.62	0.02	0.34	0.09	0.05
2013	1	7	0	2.79	0.59	0.02	0.31	0.08	0.05
2013	1	8	0	2.79	0.56	0.01	0.28	0.08	0.05
2013	1	9	0	2.79	0.53	0.01	0.26	0.08	0.05
2013	1	10	0	2.79	0.54	0.02	0.3	0.07	0.05
2013	1	11	0	2.79	-9999	0.01	-9999	0.07	-9999
2013	1	12	0	2.6	-9999	0.02	-9999	0.08	-9999
2013	1	13	0	2.6	-9999	0.03	-9999	0.07	-9999
2013	1	14	0	2.6	-9999	0.02	-9999	0.07	-9999
2013	1	15	0	2.6	-9999	0.02	-9999	0.07	-9999
2013	1	16	0	2.6	-9999	0.02	-9999	0.07	-9999
2013	1	17	0	2.6	-9999	0.02	-9999	0.06	-9999
2013	1	18	0	2.6	-9999	0.1	-9999	0.21	-9999
2013	1	19	0	47.3	-9999	4.1	-9999	3.08	-9999
2013	1	20	0	52.68	-9999	3.61	-9999	0.11	-9999
2013	1	21	0	21.12	-9999	1.68	-9999	-9999	-9999
2013	1	22	0	14.48	-9999	1.15	-9999	-9999	-9999
2013	1	23	0	11.26	-9999	0.93	-9999	-9999	-9999
2013	1	24	0	9.34	-9999	-9999	-9999	-9999	-9999
2013	1	25	0	7.63	-9999	-9999	-9999	-9999	-9999
2013	1	26	0	6.92	-9999	-9999	-9999	-9999	-9999
2013	1	27	0	6.65	-9999	-9999	-9999	0.01	-9999
2013	1	28	0	8.32	-9999	-9999	-9999	0.01	-9999
2013	1	29	0	7.16	-9999	-9999	-9999	-9999	-9999
2013	1	30	0	6.64	-9999	-9999	-9999	-9999	-9999
2013	1	31	0	6.64	-9999	-9999	-9999	-9999	-9999
2013	2	1	0	6.78	-9999	-9999	-9999	0	-9999
2013	2	2	0	7.45	-9999	-9999	-9999	0	-9999
2013	2	3	0	5.9	-9999	-9999	-9999	0	-9999
2013	2	4	0	3.36	-9999	-9999	-9999	0	-9999
2013	2	5	0	2.93	-9999	-9999	-9999	0.01	-9999
2013	2	6	0	2.73	-9999	-9999	-9999	0.02	-9999
2013	2	7	0	2.6	-9999	-9999	-9999	0.1	-9999
2013	2	8	0	2.51	-9999	-9999	-9999	0.17	-9999
2013	2	9	0	2.44	-9999	-9999	-9999	0.16	-9999
2013	2	10	0	2.42	-9999	-9999	-9999	0.15	-9999
2013	2	11	0	2.42	-9999	-9999	-9999	0.15	-9999
2013	2	12	0	2.42	-9999	-9999	-9999	0.14	-9999
2013	2	13	0	2.42	-9999	-9999	-9999	0.13	-9999
2013	2	14	0	2.42	-9999	-9999	-9999	0.13	-9999
2013	2	15	0	2.42	-9999	-9999	-9999	0.14	-9999
2013	2	16	0	2.42	-9999	-9999	-9999	0.13	-9999
2013	2	17	0	2.42	-9999	-9999	-9999	0.12	-9999
2013	2	18	0	2.42	-9999	-9999	-9999	0.12	-9999
2013	2	19	0	2.42	-9999	-9999	-9999	0.14	-9999
2013	2	20	0	2.42	-9999	-9999	-9999	0.12	-9999
2013	2	21	0	2.42	1.27	0.3	0.66	0.11	0.04
2013	2	22	0	2.42	1.49	0.28	0.62	0.1	0.04
2013	2	23	0	2.42	1.27	0.25	0.63	0.08	0.04
2013	2	24	0	2.42	1.08	0.24	0.54	0.06	0.04
2013	2	25	0	2.42	0.98	0.22	0.47	0.06	0.03
2013	2	26	0	2.35	0.85	0.21	0.43	0.06	0.03
2013	2	27	0	2.37	0.83	0.2	0.42	0.05	0.03
2013	2	28	0	2.35	0.85	0.19	0.45	0.04	0.03
2013	3	1	0	2.25	0.73	0.2	0.45	0.04	0.03
2013	3	2	0	2.17	0.7	0.19	0.44	0.03	0.03
2013	3	3	0	2.07	0.69	0.17	0.42	0.02	0.03
2013	3	4	0	2.07	0.8	0.16	0.44	0.02	0.03
2013	3	5	0	6.74	4.46	0.37	1.26	0.11	0.16
2013	3	6	0	33.04	16.23	1.92	7.61	2.96	2.29
2013	3	7	0	24.71	12.67	1.9	8.12	1.54	0.68
2013	3	8	0	32.94	21.83	1.85	6.81	2.45	0.43
2013	3	9	0	21.04	13.18	1.16	6.02	0.56	0.3
2013	3	10	0	16.96	9.9	0.98	5.16	0.67	0.32
2013	3	11	0	14.15	8.13	1.01	4.26	0.58	0.33
2013	3	12	0	14.38	7.51	1.13	3.64	0.6	0.56
2013	3	13	0	13.27	7.03	1.01	3.41	0.47	0.37
2013	3	14	0	10.94	5.55	0.8	3.18	0.24	0.26
2013	3	15	0	9.52	4.64	0.68	2.79	0.17	0.22
2013	3	16	0	8.62	4.47	0.63	2.5	0.15	0.21
2013	3	17	0	10.71	4.7	0.92	2.66	0.33	0.43
2013	3	18	0	11.7	5.01	1.09	2.73	0.36	0.38
2013	3	19	0	10.39	5.02	0.91	2.67	0.16	0.29
2013	3	20	0	9.7	4.81	0.77	2.46	0.12	0.27
2013	3	21	0	8.73	4.47	0.68	2.36	0.1	0.21
2013	3	22	0	8.29	4.22	0.66	0.15	0.08	0.18
2013	3	23	0	8.17	4.47	0.62	0.15	0.07	0.17
2013	3	24	0	7.95	4.31	0.56	0.13	0.04	0.15
2013	3	25	0	7.39	3.89	0.53	0.13	0.03	0.15
2013	3	26	0	8.9	4.03	0.65	0.21	0.1	0.27
2013	3	27	0	8.71	4.42	0.65	0.15	0.14	0.19
2013	3	28	0	16.89	9.14	1.44	0.41	1.33	0.32
2013	3	29	0	16.1	8.77	1.23	0.3	0.74	0.33
2013	3	30	0	26.85	13.54	2.21	1.04	2.74	1.56
2013	3	31	0	18.72	9.15	1.32	0.53	1.33	0.63
2013	4	1	0	15.67	7.56	1.12	0.51	0.71	0.57
2013	4	2	0	13.26	6.3	0.99	0.42	0.52	0.46
2013	4	3	0	11.27	5.24	0.86	0.33	0.43	0.43
2013	4	4	0	10.36	4.88	0.8	0.34	0.39	0.44
2013	4	5	0	9.56	4.46	0.75	0.3	0.45	0.37
2013	4	6	0	8.79	3.92	0.67	0.27	0.52	0.33
2013	4	7	0	8.01	3.47	0.62	0.23	0.48	0.29
2013	4	8	0	7.54	3.31	0.57	0.2	0.42	0.25
2013	4	9	0	6.82	3.1	0.53	0.18	0.32	0.23
2013	4	10	0	6.2	2.84	0.51	0.16	0.29	0.23
2013	4	11	0	6.11	3.29	0.46	0.15	0.33	0.21
2013	4	12	0	7.26	4.31	0.43	0.16	0.35	0.2
2013	4	13	0	6.13	3.37	0.41	0.13	0.38	0.19
2013	4	14	0	5.98	3.68	0.38	0.11	0.24	0.18
2013	4	15	0	6.28	4.09	0.36	0.1	0.02	0.18
2013	4	16	0	6.58	4.57	0.33	0.09	0.02	0.17
2013	4	17	0	6.51	4.78	0.31	0.07	0.02	0.16
2013	4	18	0	7.2	5.51	0.29	0.07	0.12	0.16
2013	4	19	0	7.69	5.71	0.31	0.09	0.58	0.19
2013	4	20	0	6.71	4.48	0.27	0.08	0.47	0.16
2013	4	21	0	5.01	3.31	0.25	0.06	0.38	0.14
2013	4	22	0	4.42	3.09	0.22	0.06	0.34	0.14
2013	4	23	0	4.16	2.88	0.23	0.05	0.31	0.13
2013	4	24	0	4.13	3.07	0.22	0.04	0.22	0.12
2013	4	25	0	4.11	3.09	0.23	0.04	0.17	0.13
2013	4	26	0	4.84	3.76	0.24	0.06	0.3	0.16
2013	4	27	0	11.74	7.27	0.8	0.36	1.65	0.54
2013	4	28	0	12.47	7.39	0.84	0.23	0.95	0.29
2013	4	29	0	11.27	7.08	0.99	0.46	1.34	0.7
2013	4	30	0	31.55	19.01	2.47	1.3	2.89	1.73
2013	5	1	0	22.16	12.32	1.44	0.64	1.56	0.81
2013	5	2	0	15.42	8.38	0.95	0.44	1.02	0.54
2013	5	3	0	11.98	6.2	0.77	0.35	0.75	0.42
2013	5	4	0	10.23	5.07	0.79	0.29	0.61	0.39
2013	5	5	0	9.47	4.85	0.78	0.25	0.5	0.35
2013	5	6	0	8.64	4.56	0.7	0.2	0.42	0.29
2013	5	7	0	8.1	4.37	0.61	0.2	0.37	0.27
2013	5	8	0	7.85	4.44	0.56	0.17	0.33	0.25
2013	5	9	0	7.92	4.82	0.53	0.16	0.33	0.25
2013	5	10	0	9.06	5.71	0.5	0.22	0.33	0.26
2013	5	11	0	7.67	4.57	0.43	0.16	0.25	0.21
2013	5	12	0	6.68	3.88	0.39	0.13	0.21	0.2
2013	5	13	0	6.18	3.65	0.37	0.12	0.18	0.19
2013	5	14	0	6.2	3.52	0.42	0.14	0.21	0.31
2013	5	15	0	15.51	6.97	1.42	0.9	1.1	0.72
2013	5	16	0	22.55	11.44	2.2	0.72	1.22	0.56
2013	5	17	0	15.81	8.18	1.24	0.46	0.84	0.42
2013	5	18	0	15.89	8.74	1.07	0.55	0.99	0.37
2013	5	19	0	16.32	8.31	1.19	0.54	1.14	0.3
2013	5	20	0	15.75	7.49	1.12	0.45	1.94	0.31
2013	5	21	0	16.83	7.51	1.09	0.41	1.36	0.32
2013	5	22	0	13.49	6.74	0.89	0.33	0.8	0.25
2013	5	23	0	11.78	6.16	0.74	0.28	0.62	0.22
2013	5	24	0	10.23	5.41	0.65	0.24	0.51	0.19
2013	5	25	0	9.08	4.47	0.59	0.2	0.41	0.17
2013	5	26	0	8.03	3.87	0.53	0.19	0.32	0.16
2013	5	27	0	7.68	3.76	0.52	0.2	0.3	0.17
2013	5	28	0	7.45	3.5	0.5	0.2	0.25	0.17
2013	5	29	0	6.65	3.14	0.43	0.17	0.18	0.15
2013	5	30	0	5.97	2.82	0.39	0.13	0.14	0.14
2013	5	31	0	5.32	2.58	0.38	0.12	0.1	0.13
2013	6	1	0	4.77	2.39	0.34	0.1	0.07	0.12
2013	6	2	0	4.55	2.37	0.33	0.09	0.05	0.11
2013	6	3	0	4.42	2.44	0.29	0.07	0.04	0.1
2013	6	4	0	4.24	2.44	0.29	0.06	0.03	0.1
2013	6	5	0	4.09	2.47	0.27	0.05	0.03	0.09
2013	6	6	0	4.17	2.67	0.28	0.05	0.06	0.09
2013	6	7	0	4.65	3.09	0.26	0.04	0.05	0.09
2013	6	8	0	7.55	3.92	0.77	0.33	0.45	0.15
2013	6	9	0	10.51	6.76	0.9	0.3	0.39	0.14
2013	6	10	0	9.43	6.01	0.74	0.16	0.22	0.09
2013	6	11	0	7.51	5.18	0.55	0.11	0.14	0.08
2013	6	12	0	6.43	4.46	0.48	0.08	0.12	0.08
2013	6	13	0	5.8	4.17	0.42	0.08	0.11	0.07
2013	6	14	0	5.76	4.44	0.39	0.06	0.1	0.07
2013	6	15	0	5.17	3.81	0.36	0.05	0.08	0.07
2013	6	16	0	4.45	3.34	0.33	0.04	0.07	0.06
2013	6	17	0	4.06	3.05	0.3	0.04	0.06	0.06
2013	6	18	0	20.01	18.31	1.07	0.43	1.59	0.27
2013	6	19	0	29.74	21.66	1.43	0.36	0.94	0.2
2013	6	20	0	14.54	12.25	0.8	0.16	0.58	0.05
2013	6	21	0	10.28	8.8	0.71	0.12	0.42	0.04
2013	6	22	0	8.82	6.87	0.67	0.12	0.35	0.04
2013	6	23	0	7.38	5.31	0.57	0.08	0.29	0.03
2013	6	24	0	6.37	4.28	0.5	0.08	0.24	0.03
2013	6	25	0	5.47	3.26	0.45	0.06	0.2	0.03
2013	6	26	0	4.77	2.84	0.41	0.06	0.17	0.02
2013	6	27	0	4.27	2.55	0.38	0.04	0.14	0.02
2013	6	28	0	3.88	2.28	0.34	0.04	0.12	0.03
2013	6	29	0	3.61	2.06	0.33	0.03	0.1	0.06
2013	6	30	0	3.59	1.9	0.3	0.03	0.08	0.06
2013	7	1	0	3.4	1.79	0.28	0.02	0.07	0.08
2013	7	2	0	4.3	-9999	-9999	-9999	0.08	0.25
2013	7	3	0	3.39	-9999	-9999	-9999	0.05	-9999
2013	7	4	0	3.33	-9999	-9999	-9999	0.04	-9999
2013	7	5	0	3.11	-9999	-9999	-9999	0.03	-9999
2013	7	6	0	2.98	-9999	-9999	-9999	0.02	-9999
2013	7	7	0	2.9	-9999	-9999	-9999	0.02	-9999
2013	7	8	0	2.79	-9999	-9999	-9999	0.08	-9999
2013	7	9	0	3.66	-9999	-9999	-9999	0.05	-9999
2013	7	10	0	3.28	-9999	-9999	-9999	0.12	-9999
2013	7	11	0	3.58	2.05	0.17	0	0.05	0.04
2013	7	12	0	3.18	1.97	0.16	0	0.03	0.04
2013	7	13	0	3.04	1.99	0.16	0.24	0.02	0.03
2013	7	14	0	3.23	1.93	0.16	0.14	0.11	0.03
2013	7	15	0	2.98	1.86	0.15	0.02	0.05	0.03
2013	7	16	0	2.89	2.04	0.18	0.02	0.16	0.05
2013	7	17	0	3.46	2.52	0.25	0.05	0.19	0.06
2013	7	18	0	3.18	2.31	0.22	0.02	0.05	0.04
2013	7	19	0	3.05	2.39	0.24	0.32	0.04	0.03
2013	7	20	0	3.62	2.41	0.23	0.15	0.23	0.03
2013	7	21	0	6.4	3.7	0.48	5.79	0.47	0.05
2013	7	22	0	3.99	2.78	0.29	0.43	0.08	0.03
2013	7	23	0	3.84	3.27	0.45	0.21	0.26	0.02
2013	7	24	0	5.86	3.2	0.37	0.33	0.18	0.03
2013	7	25	0	4.32	2.48	0.24	0.17	0.06	0.02
2013	7	26	0	4.32	2.27	0.21	0.15	0.05	0.02
2013	7	27	0	4.29	2.04	0.17	0.13	0.05	0.02
2013	7	28	0	4.08	2.07	0.18	0.12	0.05	0.02
2013	7	29	0	4.08	1.82	0.14	0.1	0.04	0.02
2013	7	30	0	4.08	1.82	0.14	0.09	0.03	0.02
2013	7	31	0	4.04	1.63	0.12	0.07	0.03	0.02
2013	8	1	0	3.84	1.62	0.12	0.07	0.03	0.01
2013	8	2	0	3.84	1.59	0.11	0.06	0.03	0.01
2013	8	3	0	3.84	1.55	0.11	0.07	0.03	0.02
2013	8	4	0	3.84	1.44	0.09	0.05	0.02	0.02
2013	8	5	0	3.84	1.45	0.1	0.05	0.02	0.02
2013	8	6	0	3.84	1.87	0.17	0.04	0.05	0.02
2013	8	7	0	3.82	2.76	0.36	0.17	0.08	0.03
2013	8	8	0	4.21	2.39	0.24	0.43	0.12	0.06
2013	8	9	0	1.73	1.66	0.12	0.09	0.03	0.02
2013	8	10	0	1.33	1.64	0.12	0.07	0.02	0.02
2013	8	11	0	1.17	1.45	0.1	0.05	0.02	0.01
2013	8	12	0	1.08	2.86	0.49	0.5	0.05	0.01
2013	8	13	0	6.76	3.28	0.39	0.44	0.09	0.02
2013	8	14	0	2.19	2.23	0.2	0.09	0.03	0.01
2013	8	15	0	1.69	2.01	0.17	0.05	0.02	0.01
2013	8	16	0	2.09	3.24	0.5	0.19	0.82	0.07
2013	8	17	0	7.23	6.12	1.04	0.31	0.34	0.09
2013	8	18	0	2.69	3.67	0.45	0.09	0.12	0.04
2013	8	19	0	2.04	3.04	0.33	0.06	0.1	0.03
2013	8	20	0	1.67	2.67	0.27	0.07	0.09	0.03
2013	8	21	0	1.49	2.43	0.23	0.08	0.08	0.03
2013	8	22	0	1.32	2.21	0.2	0.06	0.07	0.03
2013	8	23	0	1.25	2.01	0.17	0.05	0.07	0.03
2013	8	24	0	1.13	2	0.17	0.06	0.06	0.03
2013	8	25	0	1.08	1.8	0.14	0.04	0.06	0.03
2013	8	26	0	1.06	1.82	0.14	0.04	0.06	0.03
2013	8	27	0	1	1.62	0.12	0.04	0.05	0.03
2013	8	28	0	0.96	1.63	0.12	0.04	0.04	0.03
2013	8	29	0	0.97	1.61	0.11	0.03	0.04	0.03
2013	8	30	0	0.99	1.5	0.1	0.03	0.04	0.03
2013	8	31	0	0.93	1.44	0.09	0.02	0.04	0.03
2013	9	1	0	0.87	1.46	0.1	0.02	0.03	0.02
2013	9	2	0	0.82	1.41	0.09	0.02	0.03	0.02
2013	9	3	0	0.78	1.45	0.1	0.01	0.03	0.02
2013	9	4	0	0.75	1.28	0.08	0.01	0.02	0.02
2013	9	5	0	0.7	1.29	0.08	0.01	0.02	0.02
2013	9	6	0	0.7	1.29	0.08	0.01	0.02	0.02
2013	9	7	0	5.25	3.65	0.59	0.28	0.85	0.15
2013	9	8	0	9.36	2.52	0.25	0.26	0.27	0.07
2013	9	9	0	3.11	1.85	0.15	0.06	0.14	0.02
2013	9	10	0	3.65	1.64	0.12	0.04	0.15	0.06
2013	9	11	0	2.06	1.65	0.12	0.03	0.13	0.04
2013	9	12	0	1.5	1.55	0.11	0.02	0.1	0.02
2013	9	13	0	1.28	1.42	0.09	0.02	0.09	0.02
2013	9	14	0	1.15	1.45	0.1	0.01	0.08	0.02
2013	9	15	0	1.08	1.45	0.1	0.01	0.09	0.02
2013	9	16	0	1.03	1.45	0.1	0.01	0.08	0.02
2013	9	17	0	0.96	1.45	0.1	0	0.07	0.02
2013	9	18	0	0.87	1.47	0.1	0	0.07	0.02
2013	9	19	0	0.87	1.41	0.09	0.05	0.06	0.01
2013	9	20	0	0.79	-9999	0.08	0.07	0.06	0.01
2013	9	21	0	0.78	-9999	0.08	0.05	0.05	0.01
2013	9	22	0	0.78	-9999	0.08	0.04	0.05	0.01
2013	9	23	0	0.7	-9999	0.08	0.04	0.05	0.01
2013	9	24	0	0.7	-9999	0.08	0.03	0.04	0.01
2013	9	25	0	0.7	-9999	0.08	0.03	0.04	0.01
2013	9	26	0	0.7	-9999	0.08	0.03	0.04	0.01
2013	9	27	0	0.69	-9999	0.08	0.03	0.04	0.01
2013	9	28	0	0.67	-9999	0.09	0.03	0.05	0.01
2013	9	29	0	0.74	-9999	0.1	0.03	0.05	0.01
2013	9	30	0	0.73	-9999	0.08	0.03	0.04	0.01
2013	10	1	0	0.7	-9999	0.08	0.03	0.03	0.01
2013	10	2	0	0.69	-9999	0.08	0.02	0.03	0.01
2013	10	3	0	0.95	-9999	0.11	0.03	0.49	0.01
2013	10	4	0	3.57	-9999	0.28	0.1	0.64	0.02
2013	10	5	0	6.72	-9999	0.11	0.13	0.19	0.02
2013	10	6	0	2.81	-9999	0.1	0.04	0.11	0.01
2013	10	7	0	1.89	-9999	0.1	0.02	0.08	0.01
2013	10	8	0	1.47	-9999	0.09	0.01	0.06	0.01
2013	10	9	0	1.24	-9999	0.09	0.01	0.06	0.01
2013	10	10	0	1.18	-9999	0.08	0.02	0.05	0.01
2013	10	11	0	1.06	-9999	0.08	0.02	0.05	0.01
2013	10	12	0	1.01	-9999	0.07	0.01	0.04	0.01
2013	10	13	0	0.96	-9999	0.08	0.01	0.04	0.01
2013	10	14	0	0.87	-9999	0.07	0.01	0.03	0.01
2013	10	15	0	0.87	-9999	0.08	0.01	0.03	0.01
2013	10	16	0	0.87	-9999	0.08	0.01	0.03	0.01
2013	10	17	0	0.8	0.53	0.08	0.01	0.02	0.01
2013	10	18	0	0.78	0.58	0.07	0.01	0.02	0.01
2013	10	19	0	0.78	0.57	0.08	0.01	0.02	0.01
2013	10	20	0	3.33	2.11	0.36	0.32	0.84	0.07
2013	10	21	0	2	1.6	0.1	0.09	0.16	0.03
2013	10	22	0	1.4	1.16	0.09	0.05	0.14	0.03
2013	10	23	0	1.51	1.94	0.1	0.04	0.16	0.03
2013	10	24	0	1.89	1.91	0.1	0.03	0.14	0.03
2013	10	25	0	1.59	1.56	0.1	0.03	0.14	0.03
2013	10	26	0	1.38	1.28	0.09	0.02	0.1	0.03
2013	10	27	0	1.2	1	0.1	0.02	0.03	0.03
2013	10	28	0	1.12	0.98	0.1	0.02	0.02	0.03
2013	10	29	0	1.05	0.84	0.1	0.02	0.02	0.03
2013	10	30	0	0.96	0.83	0.09	0.01	0.02	0.03
2013	10	31	0	0.95	0.71	0.09	0.01	0.02	0.03
2013	11	1	0	1.17	0.7	0.09	0.01	0.02	0.03
2013	11	2	0	1.17	0.72	0.09	0.01	0.02	0.03
2013	11	3	0	1.13	0.69	0.1	0.01	0.02	0.03
2013	11	4	0	1.11	0.68	0.1	0.02	0.03	0.03
2013	11	5	0	1.17	0.78	0.1	0.02	0.02	0.03
2013	11	6	0	1.16	0.72	0.1	0.02	0.02	0.03
2013	11	7	0	1.06	0.68	0.1	0.01	0.02	0.03
2013	11	8	0	1.06	0.58	0.1	0.01	0.02	0.03
2013	11	9	0	1.02	0.56	0.1	0.01	0.02	0.03
2013	11	10	0	0.96	0.57	0.09	0.01	0.02	0.03
2013	11	11	0	0.95	0.57	0.09	0.01	0.02	0.03
2013	11	12	0	0.95	0.58	0.09	0.01	0.02	0.03
2013	11	13	0	0.95	0.58	0.09	0.01	0.02	0.03
2013	11	14	0	0.99	0.58	0.09	0.01	0.02	0.03
2013	11	15	0	0.95	0.49	0.1	0.01	0.02	0.03
2013	11	16	0	0.95	0.35	0.1	0.01	0.02	0.03
2013	11	17	0	1.05	0.49	0.12	0.02	0.06	0.04
2013	11	18	0	1.68	0.69	0.15	0.18	0.11	0.05
2013	11	19	0	1.38	0.6	0.09	0.05	0.04	0.03
2013	11	20	0	1.2	0.59	0.08	0.02	0.03	0.02
2013	11	21	0	1.16	0.49	0.08	0.01	0.03	0.02
2013	11	22	0	1.06	0.45	0.07	0	0.03	0.02
2013	11	23	0	1.06	0.44	0.08	0	0.03	0.02
2013	11	24	0	1	0.37	0.08	0	0.03	0.02
2013	11	25	0	0.98	0.32	0.07	0	0.03	0.02
2013	11	26	0	0.95	0.34	0.07	0	0.03	0.02
2013	11	27	0	0.9	0.34	0.07	0	0.03	0.02
2013	11	28	0	0.85	0.27	0.07	0	0.04	0.02
2013	11	29	0	0.84	0.34	0.06	0	0.05	0.02
2013	11	30	0	0.84	0.34	0.08	0	0.04	0.02
2013	12	1	0	0.88	0.34	0.07	0	0.03	0.03
2013	12	2	0	0.84	0.33	0.07	0	0.05	0.02
2013	12	3	0	0.84	0.38	0.08	0	0.03	0.02
2013	12	4	0	0.84	0.36	0.07	0	0.03	0.02
2013	12	5	0	0.84	0.33	0.07	0	0.04	0.02
2013	12	6	0	0.84	0.31	0.07	0	0.04	0.03
2013	12	7	0	0.84	0.28	0.07	0	0.04	0.02
2013	12	8	0	0.84	0.26	0.07	0	0.04	0.02
2013	12	9	0	0.84	0.24	0.07	0	0.04	0.02
2013	12	10	0	0.84	0.22	0.07	0	0.05	0.02
2013	12	11	0	0.82	0.2	0.07	0	0.06	0.02
2013	12	12	0	0.81	0.24	0.07	0	0.06	0.02
2013	12	13	0	0.8	0.23	0.07	0	0.07	0.02
2013	12	14	0	0.82	0.25	0.07	0	0.04	0.03
2013	12	15	0	0.78	0.24	0.07	0	0.04	0.02
2013	12	16	0	0.74	0.24	0.07	0	0.06	0.02
2013	12	17	0	0.73	0.23	0.07	0	0.04	0.02
2013	12	18	0	0.73	0.24	0.07	0	0.02	0.02
2013	12	19	0	0.78	0.34	0.09	0.02	0.03	0.03
2013	12	20	0	0.84	0.26	0.08	0.03	0.01	0.03
2013	12	21	0	0.77	0.16	0.07	0.02	0	0.02
2013	12	22	0	0.73	0.25	0.07	0.01	0	0.02
2013	12	23	0	0.73	0.21	0.08	0.01	-9999	0.02
2013	12	24	0	0.85	0.4	0.21	0.03	0.47	0.03
2013	12	25	0	9.35	10.15	0.71	0.34	1.34	0.06
2013	12	26	0	5.39	3.92	0.35	0.26	0.24	0.03
2013	12	27	0	3.32	1.94	0.22	0.11	0.06	0.03
2013	12	28	0	3.01	2.07	0.3	0.13	0.19	0.03
2013	12	29	0	3.44	2.22	0.23	0.09	0.06	0.03
2013	12	30	0	2.7	1.54	0.2	0.04	0.01	0.02
2013	12	31	0	2.34	1.2	0.19	0.04	0	0.02
2014	1	1	0	2.03	0.99	0.17	0.04	0.01	0.03
2014	1	2	0	2.74	1.37	0.37	0.14	0.08	0.03
2014	1	3	0	2.93	1.69	0.35	0.14	0.02	0.03
2014	1	4	0	13.47	12.78	1.69	0.77	2.44	0.1
2014	1	5	0	12.74	10.78	1.17	0.51	1.26	0.07
2014	1	6	0	6.35	5.46	0.63	0.25	0.68	0.04
2014	1	7	0	5.11	3.97	0.49	0.18	0.54	0.04
2014	1	8	0	4.5	3.53	0.42	0.15	0.41	0.03
2014	1	9	0	4.19	3.17	0.36	0.13	0.29	0.03
2014	1	10	0	3.77	2.69	0.32	0.11	0.2	0.03
2014	1	11	0	3.41	2.37	0.29	0.09	0.14	0.03
2014	1	12	0	3.16	2.24	0.26	0.09	0.1	0.03
2014	1	13	0	3.1	2.07	0.28	0.12	0.09	0.04
2014	1	14	0	3.03	1.94	0.24	0.12	0.05	0.03
2014	1	15	0	2.75	1.68	0.22	0.08	0.02	0.03
2014	1	16	0	2.78	1.76	0.28	0.12	0.05	0.03
2014	1	17	0	2.93	1.8	0.26	0.13	0.04	0.03
2014	1	18	0	4.99	1.88	0.83	0.74	0.34	0.1
2014	1	19	0	5.44	1.97	0.85	0.68	0.23	0.05
2014	1	20	0	4.17	1.7	0.68	0.43	0.14	0.03
2014	1	21	0	3.54	1.48	0.54	0.35	0.09	0.02
2014	1	22	0	3.43	1.54	0.53	0.3	0.08	0.02
2014	1	23	0	3.31	1.36	0.48	0.31	0.06	0.02
2014	1	24	0	3.07	1.49	0.45	0.25	0.06	0.02
2014	1	25	0	5.45	7.42	0.47	0.39	0.13	0.02
2014	1	26	0	5.84	5.59	0.51	0.28	0.1	0.02
2014	1	27	0	4.91	4.01	0.45	0.32	0.08	0.02
2014	1	28	0	4.34	3.13	0.42	0.21	0.06	0.02
2014	1	29	0	4.06	2.65	0.38	0.24	0.05	0.02
2014	1	30	0	3.67	2.23	0.34	0.2	0.04	0.02
2014	1	31	0	3.35	1.9	0.3	0.18	0.03	0.02
2014	2	1	0	3.18	1.76	0.29	0.19	0.04	0.02
2014	2	2	0	3.07	1.61	0.29	0.18	0.03	0.02
2014	2	3	0	2.83	1.45	0.26	0.16	0.02	0.02
2014	2	4	0	2.73	1.34	0.26	0.14	0.02	0.02
2014	2	5	0	4.09	1.55	0.67	0.41	0.11	0.02
2014	2	6	0	3.86	1.49	0.62	0.37	0.09	0.01
2014	2	7	0	5.17	4.09	0.78	0.45	0.27	0.01
2014	2	8	0	6.09	4.77	0.89	0.5	0.26	0.01
2014	2	9	0	6.48	4.69	0.97	0.55	0.19	0.01
2014	2	10	0	9.39	4.26	2.02	1.16	0.67	0.1
2014	2	11	0	6.88	3.55	1.35	0.72	0.23	0.06
2014	2	12	0	5.76	2.94	0.91	0.54	0.15	0.05
2014	2	13	0	5.19	2.78	0.76	0.53	0.14	0.04
2014	2	14	0	5.51	3.98	0.74	0.43	0.14	0.04
2014	2	15	0	6.42	6.41	0.73	0.36	0.15	0.04
2014	2	16	0	7.27	7.31	0.73	0.36	0.15	0.04
2014	2	17	0	6.35	5.47	0.62	0.34	0.13	0.03
2014	2	18	0	5.75	4.39	0.55	0.28	0.11	0.03
2014	2	19	0	5.24	3.76	0.49	0.28	0.08	0.03
2014	2	20	0	4.87	3.45	0.46	0.22	0.07	0.03
2014	2	21	0	4.59	3.25	0.42	0.21	0.06	0.03
2014	2	22	0	4.37	2.91	0.38	0.19	0.05	0.03
2014	2	23	0	4.12	2.64	0.37	0.18	0.04	0.03
2014	2	24	0	3.97	2.67	0.33	0.17	0.04	0.03
2014	2	25	0	3.9	2.62	0.36	0.17	0.03	0.03
2014	2	26	0	4.06	2.62	0.39	0.24	0.04	0.03
2014	2	27	0	3.72	2.34	0.33	0.17	0.02	0.03
2014	2	28	0	3.67	2.23	0.36	0.19	0.03	0.03
2014	3	1	0	3.55	2.1	0.33	0.18	0.02	0.02
2014	3	2	0	3.39	2.03	0.33	0.15	0.02	0.03
2014	3	3	0	3.44	2.07	0.36	0.18	0.03	0.03
2014	3	4	0	4.73	2.24	0.89	0.38	0.09	0.05
2014	3	5	0	5.67	2.87	1.09	0.71	0.5	0.04
2014	3	6	0	6.52	3.86	1.2	0.64	0.28	0.04
2014	3	7	0	5.91	3.57	0.98	0.51	0.18	0.03
2014	3	8	0	5.68	3.59	0.84	0.44	0.16	0.03
2014	3	9	0	5.46	-9999	0.72	0.37	0.15	0.03
2014	3	10	0	5.24	-9999	0.65	0.32	0.15	0.03
2014	3	11	0	5.07	-9999	0.62	0.3	0.14	-9999
2014	3	12	0	4.76	-9999	-9999	-9999	0.12	-9999
2014	3	13	0	4.6	-9999	-9999	-9999	0.1	-9999
2014	3	14	0	4.44	-9999	-9999	-9999	0.08	-9999
2014	3	15	0	4.36	-9999	-9999	-9999	0.07	-9999
2014	3	16	0	4.37	-9999	-9999	-9999	0.07	-9999
2014	3	17	0	5.09	-9999	-9999	-9999	0.08	-9999
2014	3	18	0	5.31	-9999	-9999	-9999	0.08	-9999
2014	3	19	0	5.4	-9999	-9999	-9999	0.07	-9999
2014	3	20	0	5.28	4.84	0.34	0.28	0.07	0.04
2014	3	21	0	5.39	5.02	0.32	0.48	0.06	0.04
2014	3	22	0	5.13	5.03	0.34	0.33	0.08	0.04
2014	3	23	0	5.08	4.54	0.3	0.28	0.06	0.03
2014	3	24	0	4.34	3.37	0.28	0.26	0.04	0.04
2014	3	25	0	3.93	2.84	0.26	0.26	0.03	0.04
2014	3	26	0	3.66	2.49	0.25	0.24	0.03	0.03
2014	3	27	0	3.39	2.19	0.22	0.21	0.02	0.03
2014	3	28	0	3.19	1.92	0.23	0.19	0.02	0.03
2014	3	29	0	2.98	1.85	0.22	0.18	0.02	0.03
2014	3	30	0	3.07	1.81	0.35	0.24	0.07	0.06
2014	3	31	0	7.36	4.3	1.15	1.59	0.48	0.22
2014	4	1	0	6.16	4.28	0.72	0.73	0.27	0.1
2014	4	2	0	5.5	4.09	0.59	0.63	0.3	0.09
2014	4	3	0	44.4	36.66	2.47	3.79	2.14	0.14
2014	4	4	0	34.33	20.15	1.87	1.73	0.98	2.51
2014	4	5	0	19.11	11.46	1.06	0.8	0.67	1.22
2014	4	6	0	14.79	8.81	0.82	0.57	0.59	0.78
2014	4	7	0	12.48	8.26	0.69	0.48	0.61	0.56
2014	4	8	0	11.23	8	0.62	0.46	0.65	0.39
2014	4	9	0	10.04	7.27	0.56	0.4	-9999	0.38
2014	4	10	0	8.86	6.58	0.51	0.34	-9999	0.34
2014	4	11	0	8.19	6.41	0.47	0.3	0	0.33
2014	4	12	0	7.85	5.97	0.42	0.27	0	0.29
2014	4	13	0	7.14	5.36	0.39	0.24	0	0.26
2014	4	14	0	6.9	5.3	0.37	0.22	0	0.26
2014	4	15	0	6.39	4.95	0.33	0.22	0.01	0.25
2014	4	16	0	6.34	4.94	0.31	0.19	0.02	0.22
2014	4	17	0	6.07	4.65	0.29	0.17	0.02	0.22
2014	4	18	0	5.65	4.08	0.26	0.17	0.02	0.21
2014	4	19	0	5.3	3.85	0.26	0.17	0.02	0.19
2014	4	20	0	5.99	4.37	0.33	0.21	0.09	0.28
2014	4	21	0	6.01	3.55	0.39	0.72	0.17	0.44
2014	4	22	0	7.47	3.24	0.46	0.71	0.15	0.48
2014	4	23	0	5.44	2.97	0.37	0.3	0.08	0.26
2014	4	24	0	5.87	4.67	0.5	0.55	0.35	0.42
2014	4	25	0	13.42	8.86	0.63	0.56	0.4	0.41
2014	4	26	0	8.74	5.94	0.52	0.23	0.2	0.29
2014	4	27	0	7.17	4.47	0.44	0.2	0.19	0.28
2014	4	28	0	6.19	3.77	0.38	0.15	0.17	0.23
2014	4	29	0	5.59	3.21	0.37	0.13	0.13	0.22
2014	4	30	0	5.26	3.16	0.33	0.1	0.11	0.2
2014	5	1	0	5	3.07	0.29	0.08	0.08	0.19
2014	5	2	0	4.76	2.98	0.29	0.08	0.06	0.18
2014	5	3	0	4.46	2.59	0.26	0.05	0.04	0.16
2014	5	4	0	4.25	2.53	0.24	0.05	0.04	0.17
2014	5	5	0	4.08	2.46	0.22	0.05	0.03	0.14
2014	5	6	0	4.1	2.56	0.21	0.03	0.03	0.14
2014	5	7	0	3.97	2.74	0.19	0.03	0.03	0.14
2014	5	8	0	4.15	2.8	0.19	0.02	0.03	0.12
2014	5	9	0	3.84	2.42	0.16	0.02	0.04	0.12
2014	5	10	0	3.65	2.25	0.17	0.01	0.04	0.11
2014	5	11	0	3.55	2.2	0.16	0.01	0.04	0.1
2014	5	12	0	3.3	1.85	0.17	0.01	0.03	0.1
2014	5	13	0	3.09	1.66	0.15	0.01	0.03	0.1
2014	5	14	0	2.81	1.5	0.14	0	0.02	0.1
2014	5	15	0	2.69	1.31	0.14	0.01	0.02	0.09
2014	5	16	0	2.58	1.25	0.14	0	0.02	0.08
2014	5	17	0	2.53	1.15	0.14	0	0.02	0.08
2014	5	18	0	2.4	1.11	0.13	0	0.02	0.08
2014	5	19	0	2.4	0.98	0.14	0	0.02	0.08
2014	5	20	0	2.4	1.08	0.14	0	0.03	0.09
2014	5	21	0	2.54	1.18	0.18	0.01	0.04	0.11
2014	5	22	0	-9999	1.19	0.14	0.01	0.03	0.09
2014	5	23	0	-9999	0.95	0.15	0	0.04	0.08
2014	5	24	0	-9999	0.86	0.16	0	0.06	0.08
2014	5	25	0	-9999	1.51	0.19	0.01	0.06	0.12
2014	5	26	0	-9999	6.71	0.39	0.03	0.62	0.17
2014	5	27	0	-9999	4.53	0.22	0.01	0.14	0.09
2014	5	28	0	-9999	3.09	0.31	0.01	0.31	0.16
2014	5	29	0	-9999	3.9	0.56	0.13	0.57	0.13
2014	5	30	0	-9999	3.71	0.46	0.07	0.41	0.1
2014	5	31	0	-9999	3.35	0.41	0.04	0.29	0.07
2014	6	1	0	-9999	-9999	-9999	-9999	-9999	-9999
