Specification of terrain components							
TC-ID	fraction	slope[%]	position[-]	beta_fac	sdr_tc	f_diff2conc	f_conc2diff
5	0.17	17.22	1	1	1	0.865379219	0.218525461
4	0.2	11.97	2	1	1	0.864198144	0.194459433
3	0.36	5.64	3	1	1	0.87800161	0.15302688
2	0.16	1.19	4	1	1	0.823463129	0.254312798
1	0.11	4.22	5	1	1	0.736229766	0.369423483
10	0.29	12.56	1	1	1	0.89636123	0.144363125
9	0.08	16.39	2	1	1	0.779135702	0.343790826
8	0.36	11.77	3	1	1	0.878124353	0.140888
7	0.16	8.9	4	1	1	0.832644356	0.230629778
6	0.11	4.36	5	1	1	0.761371732	0.328794238
15	0.19	11.56	1	1	1	0.910021727	0.126321744
14	0.4	10.03	2	1	1	0.908686854	0.099105993
13	0.04	6.86	3	1	1	0.795985439	0.327691212
12	0.04	12.36	4	1	1	0.798287182	0.320857842
11	0.33	6.36	5	1	1	0.880637992	0.126684181
20	0.05	5.9	1	1	1	0.689942293	0.458392376
19	0.14	11.45	2	1	1	0.861372216	0.229561535
18	0.2	7.48	3	1	1	0.885486587	0.171273513
17	0.22	10.32	4	1	1	0.887362514	0.159034874
16	0.39	12.87	5	1	1	0.861352919	0.156358881
25	0.03	8.28	1	1	1	0.689646994	0.460343019
24	0.46	6.02	2	1	1	0.910596954	0.096441443
23	0.08	10.69	3	1	1	0.874523128	0.198414294
22	0.26	7.49	4	1	1	0.893441306	0.117580015
21	0.17	9.42	5	1	1	0.867356919	0.159239568
30	0.23	7.88	1	1	1	0.923299874	0.093825987
29	0.08	5.09	2	1	1	0.889983133	0.181323192
28	0.06	7.41	3	1	1	0.87380076	0.215120876
27	0.54	5.25	4	1	1	0.899999984	0.096789625
26	0.09	3.09	5	1	1	0.868757811	0.164227622
35	0.17	20.9	1	1	1	0.911139403	0.13976097
34	0.18	15.51	2	1	1	0.909388218	0.128422931
33	0.16	8.51	3	1	1	0.90202134	0.138845809
32	0.22	5.91	4	1	1	0.897569553	0.123219996
31	0.27	3.26	5	1	1	0.889647048	0.12815812
40	0.23	10.01	1	1	1	0.92983329	0.087934699
39	0.46	9.48	2	1	1	0.916442296	0.079758608
38	0.04	5.89	3	1	1	0.846794773	0.241407209
37	0.22	7.44	4	1	1	0.890492441	0.109528094
36	0.05	2.79	5	1	1	0.861966695	0.201572247
45	0.19	14.09	1	1	1	0.895440339	0.134860581
44	0.14	1.27	2	1	1	0.896089542	0.156955673
43	0.26	17.03	3	1	1	0.871466619	0.122300926
42	0.18	8.8	4	1	1	0.877061438	0.154359381
41	0.23	0.24	5	1	1	0.872597801	0.189259642
50	0.23	12.18	1	1	1	0.884033165	0.168703413
49	0.08	0.5	2	1	1	0.784036324	0.343185721
48	0.08	17.56	3	1	1	0.786321452	0.344968101
47	0.36	10.6	4	1	1	0.883579338	0.144165626
46	0.25	5.16	5	1	1	0.843300092	0.205747816
55	0.07	22.06	1	1	1	0.742831629	0.416995842
54	0.14	15.74	2	1	1	0.848288846	0.26444599
53	0.08	22.06	3	1	1	0.736227701	0.395361723
52	0.26	10.8	4	1	1	0.867477751	0.188835996
51	0.45	2.52	5	1	1	0.863350865	0.170426157
60	0.03	4.78	1	1	1	0.642421888	0.483135187
59	0.2	31.03	2	1	1	0.915620428	0.129419514
58	0.18	13.65	3	1	1	0.905130999	0.133587318
57	0.16	25.66	4	1	1	0.885370122	0.148405637
56	0.43	4.4	5	1	1	0.875619375	0.134943091
65	0.25	13.96	1	1	1	0.932120039	0.088871691
64	0.28	9.04	2	1	1	0.921898612	0.089725062
63	0.22	5.3	3	1	1	0.910347944	0.106192111
62	0.16	0.41	4	1	1	0.905684263	0.119558427
61	0.09	3.94	5	1	1	0.88388436	0.150849656
75	0.03	28.92	1	1	1	0.678038911	0.467162666
74	0.08	12.8	2	1	1	0.848490613	0.251384403
73	0.02	38.72	3	1	1	0.586761891	0.568946055
72	0.06	10.52	4	1	1	0.816468012	0.300982523
71	0.81	15.46	5	1	1	0.880876159	0.105022665
80	0.07	20.29	1	1	1	0.826454763	0.273400514
79	0.08	39.83	2	1	1	0.854044635	0.240475167
78	0.2	23.81	3	1	1	0.903016494	0.126682424
77	0.14	15.4	4	1	1	0.88985224	0.153809159
76	0.51	7.69	5	1	1	0.879354593	0.113047017
85	0.55	12.42	1	1	1	0.928170375	0.076002159
84	0.02	3.47	2	1	1	0.715855295	0.43519971
83	0.1	14.47	3	1	1	0.905317946	0.140158821
82	0.08	25.85	4	1	1	0.89613072	0.15880711
81	0.25	16.2	5	1	1	0.898771044	0.103999368
90	0.37	12.43	1	1	1	0.911489515	0.12390109
89	0.02	41.76	2	1	1	0.491417262	0.675010757
88	0.08	8.66	3	1	1	0.79429539	0.337078458
87	0.14	34.5	4	1	1	0.858835656	0.21724709
86	0.39	16.78	5	1	1	0.860208562	0.157469988
95	0.51	23.6	1	1	1	0.89271904	0.124847921
94	0.1	12.13	2	1	1	0.781864394	0.325626113
93	0.24	0.5	3	1	1	0.843256053	0.202451824
92	0.1	5.71	4	1	1	0.759607506	0.355352433
91	0.05	21.08	5	1	1	0.558448642	0.576315917
100	0.05	2.32	1	1	1	0.839245231	0.255799006
99	0.38	20.4	2	1	1	0.936576802	0.079642358
98	0.24	3.7	3	1	1	0.926086225	0.095173121
97	0.06	19.2	4	1	1	0.861522134	0.231618037
96	0.27	3.07	5	1	1	0.913982799	0.094920228
105	0.15	7.86	1	1	1	0.906423344	0.14988883
104	0.24	14.04	2	1	1	0.917527808	0.106928659
103	0.16	19.58	3	1	1	0.908880013	0.133699654
102	0.28	25.5	4	1	1	0.907506681	0.105905802
101	0.17	14.45	5	1	1	0.879660412	0.148874834
110	0.03	0.47	1	1	1	0.553763886	0.607755244
109	0.22	24.67	2	1	1	0.893203306	0.172020485
108	0.16	27.42	3	1	1	0.880906278	0.202854299
107	0.42	19.02	4	1	1	0.877814807	0.128164479
106	0.17	10.93	5	1	1	0.831533558	0.230750894
115	0.27	9.61	1	1	1	0.893078143	0.176466121
114	0.14	29.31	2	1	1	0.839108536	0.273103832
113	0.04	4.33	3	1	1	0.589402264	0.564354279
112	0.24	28.67	4	1	1	0.87732829	0.169707135
111	0.31	17.69	5	1	1	0.85095427	0.182756122
120	0.35	30.56	1	1	1	0.904984416	0.152849855
119	0.06	39.86	2	1	1	0.670400942	0.489927979
118	0.2	31.43	3	1	1	0.866146969	0.207343464
117	0.22	21.06	4	1	1	0.832658748	0.215262642
116	0.17	7.72	5	1	1	0.799093076	0.290026197
125	0.03	18.81	1	1	1	0.694032723	0.452703828
124	0.6	19.1	2	1	1	0.900688869	0.094681029
123	0.2	14.94	3	1	1	0.89503066	0.131192529
122	0.12	3.99	4	1	1	0.856831093	0.177465382
121	0.05	8.84	5	1	1	0.748774939	0.353947704
130	0.21	24.65	1	1	1	0.885336231	0.183354105
129	0.04	3.68	2	1	1	0.662903444	0.529222193
128	0.04	31.81	3	1	1	0.648367638	0.525936296
127	0.42	18.48	4	1	1	0.888528716	0.121280055
126	0.29	10.96	5	1	1	0.848990274	0.178244363
135	0.45	16.21	1	1	1	0.931499581	0.082661972
134	0.2	27.38	2	1	1	0.912660051	0.120153447
133	0.24	21.95	3	1	1	0.906626524	0.114286681
132	0.06	33.58	4	1	1	0.834016025	0.264441091
131	0.05	18.05	5	1	1	0.803950946	0.307370347
140	0.13	32.76	1	1	1	0.896964085	0.176084753
139	0.34	30.6	2	1	1	0.923184323	0.092278276
138	0.18	26.74	3	1	1	0.905790934	0.128225311
137	0.26	20.11	4	1	1	0.892701036	0.115568954
136	0.09	11.19	5	1	1	0.862990655	0.205309718
145	0.43	21.41	1	1	1	0.903340729	0.113873407
144	0.1	13.19	2	1	1	0.835302619	0.266340453
143	0.04	25.17	3	1	1	0.680641191	0.470092421
142	0.22	17.04	4	1	1	0.872239713	0.16135002
141	0.21	8.63	5	1	1	0.847628402	0.19963432
150	0.09	17.93	1	1	1	0.770349286	0.33937067
149	0.02	39.7	2	1	1	0.465517564	0.69016794
148	0.2	21.95	3	1	1	0.885855991	0.164310483
147	0.3	11.15	4	1	1	0.871485605	0.141270148
146	0.39	3.11	5	1	1	0.859645446	0.163314255
155	0.29	17.35	1	1	1	0.903286089	0.153766759
154	0.08	31.17	2	1	1	0.752793782	0.38638925
153	0.12	19.08	3	1	1	0.82990283	0.289430806
152	0.34	32.51	4	1	1	0.87553413	0.143807801
151	0.17	19.23	5	1	1	0.821864857	0.245797396
160	0.07	16.81	1	1	1	0.687937501	0.460490292
159	0.44	29.21	2	1	1	0.91186863	0.120294497
158	0.02	16.44	3	1	1	0.458650756	0.695739205
157	0.3	24.16	4	1	1	0.857765598	0.16076688
156	0.17	12.1	5	1	1	0.789521376	0.263943629
165	0.29	8.84	1	1	1	0.927392201	0.098147605
164	0.26	21.87	2	1	1	0.917853831	0.10367945
163	0.04	12.46	3	1	1	0.757595338	0.375621409
162	0.3	29.3	4	1	1	0.912330396	0.103149693
161	0.11	18.49	5	1	1	0.874637595	0.179020448
170	0.23	29.67	1	1	1	0.919924343	0.113334678
169	0.2	21.53	2	1	1	0.913505283	0.122573757
168	0.08	26.97	3	1	1	0.858751042	0.236356539
167	0.38	19.52	4	1	1	0.900065214	0.102010954
166	0.11	11.87	5	1	1	0.858562579	0.196866658
175	0.13	36.01	1	1	1	0.89466036	0.184110568
174	0.22	33.83	2	1	1	0.910685639	0.121174919
173	0.18	27.31	3	1	1	0.896211283	0.14101221
172	0.1	18.62	4	1	1	0.874342578	0.201740482
171	0.37	6.79	5	1	1	0.896500937	0.114795463
180	0.19	21.96	1	1	1	0.882102797	0.20098072
179	0.04	6.61	2	1	1	0.621993443	0.544735488
178	0.16	16.33	3	1	1	0.867698175	0.225557897
177	0.46	34.45	4	1	1	0.597052265	0.122850785
176	0.15	22.69	5	1	1	0.814820816	0.249084788
185	0.03	45.52	1	1	1	0.505428415	0.658235532
184	0.08	26.43	2	1	1	0.732352831	0.418197178
183	0.16	39.71	3	1	1	0.862421839	0.239686041
182	0.3	20.71	4	1	1	0.879412308	0.154673841
181	0.43	6.09	5	1	1	0.862458954	0.166486104
190	0.17	8.65	1	1	1	0.925384225	0.103813735
189	0.36	17.06	2	1	1	0.920483896	0.077149551
188	0.24	24.15	3	1	1	0.90574576	0.093084159
187	0.04	9.41	4	1	1	0.849545551	0.240845096
186	0.19	15.77	5	1	1	0.88929184	0.117071286
194	0.084210526	25.15	1	1	1	0.891599536	0.189355685
192	0.294736842	28.03	3	1	1	0.926692161	0.082765415
191	0.621052632	15.2	4	1	1	0.900106832	0.088303072
200	0.11	6.99	1	1	1	0.908686223	0.149326275
199	0.3	15.01	2	1	1	0.932066179	0.081989392
198	0.36	23.3	3	1	1	0.926897265	0.077282063
197	0.04	12.02	4	1	1	0.83129287	0.2624541
196	0.19	20.48	5	1	1	0.902106762	0.112947765
205	0.03	8.96	1	1	1	0.71468175	0.428262433
204	0.14	25.18	2	1	1	0.913291079	0.137668167
203	0.32	33.62	3	1	1	0.937224074	0.07702104
202	0.26	25.64	4	1	1	0.916069402	0.093255978
201	0.25	17.35	5	1	1	0.903816649	0.106606125
210	0.31	9.54	1	1	1	0.927498661	0.098200502
209	0.14	25.74	2	1	1	0.904957376	0.161379327
208	0.18	35.53	3	1	1	0.921524024	0.123244148
207	0.24	28.83	4	1	1	0.91451328	0.107698254
206	0.13	18.31	5	1	1	0.882990903	0.154728352
215	0.09	30.99	1	1	1	0.769185347	0.360441341
214	0.02	5.08	2	1	1	0.417400771	0.717310601
213	0.26	38.55	3	1	1	0.905429674	0.151396491
212	0.52	26.56	4	1	1	0.534074745	0.144776114
211	0.11	8.95	5	1	1	0.781636606	0.301413603
220	0.03	107.6	1	1	1	0.564172432	0.587937512
219	0.32	26.42	2	1	1	0.889583021	0.125520708
218	0.04	4.22	3	1	1	0.684515925	0.464973512
217	0.04	16.76	4	1	1	0.678962316	0.467965083
216	0.57	6.28	5	1	1	0.869942443	0.132313463
225	0.05	21.19	1	1	1	0.815955395	0.292864013
224	0.06	42.66	2	1	1	0.849844562	0.25107241
223	0.48	32.94	3	1	1	0.926356086	0.075876845
222	0.3	24.12	4	1	1	0.909453328	0.093846177
221	0.11	13.31	5	1	1	0.869703961	0.155566346
230	0.45	30.91	1	1	1	0.941198128	0.08311492
229	0.1	79.38	2	1	1	0.883780205	0.21438043
228	0.16	5.28	3	1	1	0.910099918	0.151718758
227	0.08	38.53	4	1	1	0.826330886	0.268356696
226	0.21	12.47	5	1	1	0.918942573	0.128518516
235	0.17	0.41	1	1	1	0.927739711	0.121103036
234	0.24	43.52	2	1	1	0.926501058	0.112524733
233	0.06	18.68	3	1	1	0.809877484	0.299355311
232	0.42	39.14	4	1	1	0.923322537	0.081325586
231	0.11	12.99	5	1	1	0.887760262	0.175354745
240	0.29	13.22	1	1	1	0.933363377	0.088801532
239	0.22	23.09	2	1	1	0.928720233	0.094842206
238	0.3	33.3	3	1	1	0.927173862	0.079127008
237	0.1	43.33	4	1	1	0.89839657	0.139435366
236	0.09	22.67	5	1	1	0.89256975	0.152554232
245	0.29	32.5	1	1	1	0.915236747	0.09885374
244	0.28	5.55	2	1	1	0.924764465	0.10058511
243	0.28	19.49	3	1	1	0.945768001	0.082383344
242	0.08	42.4	4	1	1	0.880979235	0.201214918
241	0.07	2.59	5	1	1	0.875224848	0.217507148
250	0.11	36.9	1	1	1	0.904974091	0.151431182
249	0.12	34.97	2	1	1	0.916374891	0.130908063
248	0.16	20.22	3	1	1	0.910521177	0.115949183
247	0.5	10.05	4	1	1	0.903686523	0.094448038
246	0.11	3.25	5	1	1	0.859806737	0.167564687
255	0.09	20.5	1	1	1	0.907996055	0.147467272
254	0.06	32.96	2	1	1	0.887706	0.19559833
253	0.2	6.48	3	1	1	0.927659845	0.093855662
252	0.22	11.11	4	1	1	0.644506373	0.091813958
251	0.43	0.23	5	1	1	0.896553503	0.117598073
260	0.01	2.8	1	1	1	0.385594653	0.746345235
259	0.1	29.53	2	1	1	0.864321618	0.223228687
258	0.14	21.39	3	1	1	0.893562705	0.173673493
257	0.58	0.61	4	1	1	0.912846151	0.095409295
256	0.17	10.82	5	1	1	0.863379894	0.179021037
265	0.01	56.58	1	1	1	0.376764045	0.756532231
264	0.12	31.42	2	1	1	0.881539983	0.203569753
263	0.22	25.76	3	1	1	0.909626871	0.126167383
262	0.26	18.18	4	1	1	0.901144431	0.11437384
261	0.39	4.12	5	1	1	0.892224014	0.118163359
270	0.47	11.74	1	1	1	0.924881274	0.082460235
269	0.2	20.48	2	1	1	0.919609335	0.114075392
268	0.04	34.94	3	1	1	0.775366546	0.346823846
267	0.18	15.64	4	1	1	0.904961894	0.125751184
266	0.11	6.77	5	1	1	0.754270849	0.229878488
275	0.31	29.97	1	1	1	0.929728113	0.098892701
274	0.14	25.11	2	1	1	0.899459523	0.172796783
273	0.14	30.05	3	1	1	0.906165766	0.157318378
272	0.18	25.34	4	1	1	0.904367239	0.130132537
271	0.23	12.33	5	1	1	0.880021821	0.141950607
280	0.03	15.39	1	1	1	0.715905559	0.420340215
279	0.46	32.06	2	1	1	0.945349042	0.067521987
278	0.22	26.71	3	1	1	0.927473435	0.096792945
277	0.24	19.64	4	1	1	0.912919267	0.097683465
276	0.05	11.28	5	1	1	0.861391008	0.232183198
285	0.05	48.92	1	1	1	0.729352703	0.41137496
284	0.22	41.79	2	1	1	0.912974066	0.142117274
283	0.14	28.87	3	1	1	0.900853353	0.18599287
282	0.32	17.97	4	1	1	0.900699973	0.112379115
281	0.27	4.51	5	1	1	0.865677929	0.155902444
290	0.09	39.54	1	1	1	0.742123395	0.391109249
289	0.06	11.52	2	1	1	0.65514484	0.487477448
288	0.04	43.88	3	1	1	0.55972809	0.585784916
287	0.6	26.42	4	1	1	0.888618752	0.118360766
286	0.21	15.02	5	1	1	0.834308032	0.222312351
295	0.27	33.91	1	1	1	0.901884994	0.16697111
294	0.02	68.37	2	1	1	0.404416755	0.713484438
293	0.08	36.28	3	1	1	0.736416405	0.374359761
292	0.3	15.31	4	1	1	0.889611728	0.151477346
291	0.33	6.66	5	1	1	0.849636823	0.180020113
300	0.35	16.67	1	1	1	0.914658456	0.133370429
299	0.28	31.77	2	1	1	0.898852855	0.144293534
298	0.04	15.55	3	1	1	0.648912771	0.51174364
297	0.14	39.22	4	1	1	0.847532664	0.222997942
296	0.19	19.53	5	1	1	0.74016081	0.237577919
305	0.13	5.67	1	1	1	0.918653167	0.134795157
304	0.22	16.36	2	1	1	0.930659257	0.099402235
303	0.2	23.27	3	1	1	0.930762596	0.098782589
302	0.24	33.38	4	1	1	0.932336473	0.086400668
301	0.21	19.1	5	1	1	0.922047487	0.095366442
310	0.19	30.81	1	1	1	0.915097536	0.136916401
309	0.4	27.22	2	1	1	0.92433124	0.093093086
308	0.08	18.1	3	1	1	0.850435457	0.245513841
307	0.28	20.21	4	1	1	0.8978474	0.10849445
306	0.05	21.04	5	1	1	0.797760644	0.301499307
315	0.11	4.07	1	1	1	0.883443991	0.197120439
314	0.08	21.16	2	1	1	0.840498121	0.251112751
313	0.02	1.95	3	1	1	0.574967037	0.572428707
312	0.2	11.97	4	1	1	0.914841825	0.126023786
311	0.59	18.21	5	1	1	0.873405334	0.105374917
320	0.43	22.81	1	1	1	0.935358382	0.069357017
319	0.1	32.08	2	1	1	0.90618057	0.155579105
318	0.18	24.71	3	1	1	0.919197294	0.104610523
317	0.22	15.57	4	1	1	0.906025593	0.106048244
316	0.07	7.22	5	1	1	0.86836536	0.194092124
325	0.01	81.54	1	1	1	0.257347857	0.855652815
324	0.34	44.24	2	1	1	0.90919844	0.136555082
323	0.06	2.47	3	1	1	0.670191172	0.461711469
322	0.04	63.79	4	1	1	0.624996226	0.559480305
321	0.55	28.04	5	1	1	0.891354911	0.123135619
330	0.23	23.75	1	1	1	0.921664928	0.12378596
329	0.04	5.78	2	1	1	0.693740094	0.444428461
328	0.46	29.68	3	1	1	0.932628736	0.083495226
327	0.18	39.16	4	1	1	0.90262764	0.132214967
326	0.09	26.83	5	1	1	0.847994511	0.223637453
335	0.27	13.43	1	1	1	0.925106863	0.108106903
334	0.14	2.1	2	1	1	0.899260885	0.16482905
333	0.28	27.03	3	1	1	0.929784749	0.097910474
332	0.06	35.5	4	1	1	0.812881145	0.30365209
331	0.25	26.67	5	1	1	0.921320804	0.106504459
340	0.21	36.02	1	1	1	0.870565917	0.215071434
339	0.04	61.43	2	1	1	0.56773308	0.577424864
338	0.06	44.08	3	1	1	0.701095423	0.468186147
337	0.24	29.68	4	1	1	0.902359116	0.163524929
336	0.45	9.18	5	1	1	0.866209032	0.148586499
345	0.03	42.21	1	1	1	0.683542688	0.470494622
344	0.12	7.1	2	1	1	0.90906996	0.162695065
343	0.06	25.05	3	1	1	0.828383422	0.27107646
342	0.54	41.89	4	1	1	0.920610387	0.074643505
341	0.25	3.74	5	1	1	0.879435954	0.130986681
350	0.25	45.2	1	1	1	0.926570756	0.134057019
349	0.08	74.82	2	1	1	0.790742668	0.336198166
348	0.42	54.86	3	1	1	0.921319117	0.093905114
347	0.08	34.1	4	1	1	0.806033377	0.259070246
346	0.17	7.05	5	1	1	0.877244767	0.19626068
355	0.39	6.62	1	1	1	0.933228001	0.072632658
354	0.06	10.63	2	1	1	0.887175534	0.180518352
353	0.04	4.5	3	1	1	0.851986859	0.238662159
352	0.48	9.38	4	1	1	0.897554358	0.091307741
351	0.03	10.72	5	1	1	0.833967784	0.263273483
360	0.11	27.68	1	1	1	0.88085707	0.202206425
359	0.18	39.58	2	1	1	0.916125508	0.135389464
358	0.34	33.49	3	1	1	0.922486036	0.098891674
357	0.24	25.78	4	1	1	0.897864602	0.115734354
356	0.13	11.34	5	1	1	0.860652456	0.182373734
365	0.052083333	51.76	1	1	1	0.643591255	0.517081544
364	0.229166667	30.17	2	1	1	0.890860424	0.183806552
362	0.458333333	47.91	4	1	1	0.909109425	0.112323804
361	0.260416667	26.79	5	1	1	0.858412861	0.174074861
370	0.01	1.43	1	1	1	0.356435221	0.762557374
369	0.7	36.51	2	1	1	0.919481378	0.082017455
368	0.12	28.11	3	1	1	0.891788922	0.158413189
367	0.12	15.72	4	1	1	0.840745072	0.201611687
366	0.05	5.48	5	1	1	0.7469602	0.342277367
375	0.43	16.01	1	1	1	0.926522235	0.110887853
374	0.34	28.51	2	1	1	0.902153451	0.129871822
373	0.1	16.55	3	1	1	0.824230892	0.276663816
372	0.06	43.03	4	1	1	0.728161216	0.39645739
371	0.07	20.13	5	1	1	0.740146553	0.366328804
380	0.19	40.46	1	1	1	0.866963876	0.225469191
379	0.5	46.52	2	1	1	0.911427224	0.103868816
378	0.12	31.5	3	1	1	0.809566709	0.22927305
377	0.08	22.68	4	1	1	0.778652338	0.312182331
376	0.11	11.27	5	1	1	0.794766967	0.287645773
385	0.11	25.42	1	1	1	0.901008633	0.161924103
384	0.14	35.51	2	1	1	0.920426484	0.134215651
383	0.36	21.99	3	1	1	0.941760721	0.074920538
382	0.24	28.06	4	1	1	0.92190897	0.093198036
381	0.15	14.66	5	1	1	0.884042463	0.136275578
390	0.09	17.95	1	1	1	0.861735394	0.229238793
389	0.18	7.36	2	1	1	0.911005074	0.138289507
388	0.16	24.79	3	1	1	0.909891669	0.149461274
387	0.38	36.38	4	1	1	0.920021737	0.092468546
386	0.19	26.06	5	1	1	0.875194431	0.145042138
395	0.01	53.38	1	1	1	0.256296716	0.848865978
394	0.36	32.43	2	1	1	0.915619858	0.128842194
393	0.22	27.95	3	1	1	0.888867221	0.17244992
392	0.34	20.12	4	1	1	0.871352321	0.145198419
391	0.07	13.24	5	1	1	0.703234967	0.408937707
400	0.01	26.41	1	1	1	0.244764642	0.852454786
399	0.52	36.82	2	1	1	0.914685597	0.108072947
398	0.1	30.91	3	1	1	0.831142212	0.273536116
397	0.22	20.8	4	1	1	0.853912998	0.17922593
396	0.15	10.11	5	1	1	0.816325051	0.248416513
405	0.35	29.7	1	1	1	0.930088444	0.081468139
404	0.22	17.47	2	1	1	0.930751115	0.095460906
403	0.28	32.57	3	1	1	0.929277448	0.093087705
402	0.06	56.96	4	1	1	0.879108964	0.197550691
401	0.09	19.9	5	1	1	0.881979737	0.159196539
410	0.13	55.49	1	1	1	0.827896865	0.281726847
409	0.04	25.53	2	1	1	0.595939429	0.556754714
408	0.2	56.46	3	1	1	0.899022211	0.176768639
407	0.16	35.59	4	1	1	0.891165888	0.174238663
406	0.47	10.77	5	1	1	0.866415876	0.172494741
420	0.03	12.49	1	1	1	0.689178367	0.449959587
419	0.16	46.21	2	1	1	0.913071911	0.133001291
418	0.4	8.65	3	1	1	0.938069579	0.074607336
417	0.04	26.44	4	1	1	0.836262083	0.321976033
416	0.37	5.64	5	1	1	0.908134899	0.089670718
430	0.31	16.47	1	1	1	0.908499475	0.128895826
429	0.1	34.51	2	1	1	0.836089694	0.291439736
428	0.12	25.94	3	1	1	0.849943902	0.245402354
427	0.24	41.67	4	1	1	0.888126171	0.140489581
426	0.23	20.14	5	1	1	0.851226964	0.181558466
440	0.17	19.36	1	1	1	0.91378209	0.123183882
439	0.14	30.89	2	1	1	0.917788618	0.132111013
438	0.06	55.68	3	1	1	0.802681171	0.250018842
437	0.32	21.82	4	1	1	0.491356505	0.096082271
436	0.31	1.44	5	1	1	0.870747824	0.125850233
445	0.35	17.82	1	1	1	0.923698277	0.092686533
444	0.12	8.12	2	1	1	0.900917876	0.177243609
443	0.12	28.84	3	1	1	0.894503651	0.156193968
442	0.02	25.11	4	1	1	0.620701444	0.514196482
441	0.39	0.43	5	1	1	0.872670915	0.104584041
450	0.25	26.45	1	1	1	0.940989416	0.088084745
449	0.14	10.25	2	1	1	0.926129068	0.125156239
448	0.28	37.36	3	1	1	0.943289166	0.084322376
447	0.22	27.78	4	1	1	0.932131417	0.089324243
446	0.11	12.39	5	1	1	0.916269463	0.133494953
455	0.11	30.85	1	1	1	0.916343291	0.139987376
454	0.1	17.48	2	1	1	0.91696413	0.143309264
453	0.18	1.71	3	1	1	0.922980063	0.099431605
452	0.18	29.83	4	1	1	0.91213532	0.105273091
451	0.43	12.11	5	1	1	0.893489346	0.102111575
460	0.21	5.06	1	1	1	0.923239093	0.111660923
459	0.58	16.87	2	1	1	0.900285133	0.091533419
458	0.1	0.39	3	1	1	0.882724801	0.161536553
457	0.04	23.35	4	1	1	0.798098002	0.319738633
456	0.07	11.07	5	1	1	0.840189165	0.220851606
464	0.309278351	18.44	1	1	1	0.906496953	0.091259526
463	0.24742268	1.55	2	1	1	0.915477185	0.102583376
462	0.144329897	21.58	3	1	1	0.8833076	0.126914366
461	0.298969072	5.11	4	1	1	0.887692539	0.11942392
470	0.03	65.98	1	1	1	0.483957012	0.629171405
469	0.18	33.53	2	1	1	0.863562567	0.230949079
468	0.26	8.55	3	1	1	0.904892482	0.178744385
467	0.2	22.04	4	1	1	0.851585564	0.211252512
466	0.33	8.94	5	1	1	0.842435151	0.181119706
475	0.03	33.77	1	1	1	0.655813061	0.478785776
474	0.08	28.64	2	1	1	0.848088793	0.251128452
473	0.32	20.34	3	1	1	0.925092832	0.094383112
472	0.46	14.51	4	1	1	0.897750467	0.102928457
471	0.11	6.95	5	1	1	0.865565307	0.183179012
480	0.01	64.91	1	1	1	0.497064398	0.649903222
479	0.1	20.83	2	1	1	0.895267571	0.156423811
478	0.02	70.9	3	1	1	0.679333273	0.48255755
477	0.36	17.01	4	1	1	0.921663208	0.083138748
476	0.51	5.94	5	1	1	0.868262718	0.11215234
485	0.03	50.66	1	1	1	0.674293778	0.455492424
484	0.12	36.07	2	1	1	0.90114002	0.174087203
483	0.18	23.94	3	1	1	0.912024989	0.131600902
482	0.42	12.17	4	1	1	0.885059432	0.110362618
481	0.25	6.55	5	1	1	0.883045282	0.130639603
490	0.23	40.85	1	1	1	0.92157496	0.09757928
489	0.06	32.59	2	1	1	0.861504247	0.219732166
488	0.16	20.07	3	1	1	0.926808811	0.106941548
487	0.12	35.17	4	1	1	0.911053834	0.129134184
486	0.43	8.29	5	1	1	0.89462046	0.104687219
495	0.03	38.67	1	1	1	0.658403271	0.498807438
494	0.1	41.11	2	1	1	0.858308825	0.230133778
493	0.16	30.06	3	1	1	0.906406985	0.14999292
492	0.18	19.68	4	1	1	0.906261255	0.133392223
491	0.53	9.43	5	1	1	0.902497532	0.102114542
500	0.09	29.33	1	1	1	0.819685798	0.350127167
499	0.48	15.25	2	1	1	0.873788014	0.129419438
498	0.12	6.33	3	1	1	0.826724971	0.27571715
497	0.1	11.07	4	1	1	0.774784336	0.322069452
496	0.21	2.3	5	1	1	0.850909872	0.235011844
505	0.17	16.99	1	1	1	0.906816923	0.140401069
504	0.34	9.43	2	1	1	0.88807875	0.115385699
503	0.22	2.35	3	1	1	0.893163567	0.123799791
502	0.14	14.16	4	1	1	0.868153667	0.147772594
501	0.13	5.53	5	1	1	0.868140241	0.175642344
510	0.01	34.23	1	1	1	0.218675997	0.861860652
509	0.36	15.06	2	1	1	0.906763649	0.143055817
508	0.04	31.36	3	1	1	0.549009304	0.587630943
507	0.54	24.03	4	1	1	0.859999095	0.138950714
506	0.05	13.23	5	1	1	0.5827712	0.544265268
515	0.01	77.65	1	1	1	0.410406076	0.744754367
514	0.28	40.12	2	1	1	0.890167412	0.118805209
513	0.2	13.19	3	1	1	0.908590683	0.133386684
512	0.06	33.42	4	1	1	0.831496045	0.274882916
511	0.45	12.58	5	1	1	0.508402848	0.164778132
520	0.09	30.38	1	1	1	0.842000355	0.269820092
519	0.6	17.91	2	1	1	0.910446239	0.100892777
518	0.1	11.31	3	1	1	0.857750973	0.226530445
517	0.08	24.27	4	1	1	0.752218488	0.283269911
516	0.13	9.32	5	1	1	0.819031705	0.225132339
525	0.27	5.55	1	1	1	0.929641433	0.083101401
524	0.42	15.32	2	1	1	0.917458925	0.080822115
523	0.14	4.78	3	1	1	0.919567094	0.113624741
522	0.1	17.71	4	1	1	0.890460108	0.13247722
521	0.07	7.29	5	1	1	0.866433343	0.175453725
530	0.37	31.05	1	1	1	0.89174841	0.168913668
529	0.04	68.34	2	1	1	0.491290263	0.625963633
528	0.06	4.5	3	1	1	0.630466479	0.519098345
527	0.06	31.06	4	1	1	0.633694692	0.520803883
526	0.47	9.14	5	1	1	0.851983046	0.196757545
