Specification of soil parameters
Soil-ID[-]	number(horizons)[-]	(n_res[Vol-]	n_PWP[-]	n_FK63[-]	n_FK1.8[-]	n_nFK[-]	n_saturated[-]	n_thickness[mm]	n_ks[mm/d]	n_suction[mm]	n_pore-size-index[-]	n_bubblepressure[cm]	n_coarse_frag[-]*n	n_shrinks[0/1])	bedrock[0/1]	alluvial[0/1]
50	2	9.48619615564591E-2	0.181474119339766	0.323090920072481	0.435135037037071	0.228228958516022	0.449382939885287	250.0	344.783751127458	600.460173238444	0.286531984680573	27.0395879282633	0.190068325322778	0	3.65644133660422E-2	0.100147614859041	0.230424763785357	0.427424040561393	0.193860350419315	0.479733217246211	183.399302610499	248.26916886618	6044694616.11203	0.705139529183563	115.259925336692	4.99721986617661E-2	0	1	0
767	2	0.065345689715297	0.091343392880465	0.181672257119982	0.267603097361116	0.116326567404685	0.36631440128072	250.0	360.853040563673	2286.03356141459	0.418322042296745	10.8717300481584	0.184480897906324	0	4.74483091449231E-2	0.070133520440085	0.163941303513846	0.309216816569126	0.116492994368923	0.416617416663507	987.940194922711	488.975919511319	2070993788.80503	0.521351963253796	41.1444985447555	0.0	0	1	0
772	2	0.088640548286243	0.169002814324861	0.311905466065154	0.406388083833368	0.223264917778911	0.430037086556504	250.0	250.080899712595	13757842.5366008	0.30906310834844	21.1982204748325	9.89553326713266E-2	0	1.25542673252721E-2	5.90970816042984E-2	0.181499930695433	0.399128692158489	0.168945663370161	0.443271796663723	214.875601858625	299.684213015588	8164611559.27094	0.865238606960254	140.052720201987	1.26845063238041E-4	0	1	0
832	2	0.086672441949548	0.162110081276586	0.29990222020367	0.388364082361208	0.213229778254121	0.421636209669876	250.0	245.889160790295	767.076027586742	0.317324874056149	18.6212380258069	7.48454431662395E-2	0	3.12555317933419E-3	4.66808190234651E-2	0.167921369654279	0.395418041378408	0.164795816474945	0.423294141147471	105.003874351791	441.087841202012	9048611599.6168	0.929238794044909	152.572419571673	0.0	0	1	0
846	2	6.46154993539639E-2	8.78868270773756E-2	0.176077974069293	0.265289792174441	0.111462474715329	0.366027809852217	250.0	379.332577651637	2240.27254182903	0.419869433990447	10.6260029179895	0.198695158893137	0	5.50921347277058E-2	7.36722040034467E-2	0.162270609381892	0.29284472902109	0.107178474654186	0.416302345320152	1145.41303139288	491.235734365123	826526631.377371	0.44944752319459	21.1630908480996	0.0	0	1	0
900	2	9.05992318759373E-2	0.16584137641183	0.303858145943144	0.41568615302217	0.213258914067207	0.439624633075272	250.0	337.848280689236	615.466170278072	0.301062938752103	22.2903700964851	0.178904716378303	0	1.47088610402705E-2	6.30377421301591E-2	0.187813786164765	0.405377560186543	0.173104925124494	0.455061056965764	87.4695633903981	307.100843330927	7890220504.31492	0.846183546839575	137.520179445802	1.31810539196924E-2	0	1	0
1021	2	0.11597719308877	0.26210543030874	0.425145388328122	0.524584011500115	0.309168195239352	0.491530201183119	250.0	330.468276217781	541.536097429328	0.216831406454968	48.1497598194915	0.329951878153616	0	0.113224593149277	0.245768029201516	0.398548603375131	0.524463276636098	0.285324010225854	0.5	497.617267800411	171.656297453064	329638425.112403	0.24125004639984	52.2441072129881	0.223152681741731	0	1	0
1069	2	0.106407476444495	0.231414344873929	0.379656319871314	0.488383436876187	0.273248843426819	0.478469131795089	250.0	399.709561964756	589.89786513359	0.240363379048045	42.0172133638957	8.77417716716839E-2	0	0.074573030836694	0.170543403334483	0.308784993071277	0.470365635762872	0.234211962234583	0.5	680.500880093021	189.352452422658	3381927721.94902	0.48343552656108	83.7004550471281	3.35923179118533E-2	0	1	0
1086	2	0.093598299493844	0.171266383152803	0.305430482621295	0.421338421939639	0.211832183127451	0.445507963456391	250.0	411.972222300351	637.733597995703	0.29129291399674	24.5282091864238	0.134887804658692	0	8.95968742708412E-2	0.166515477375594	0.295292006218973	0.43212179729869	0.205695131948132	0.464212871557437	603.498516053602	262.633612706964	1073576855.66338	0.346865600245474	40.9500018188337	4.71978145516683E-2	0	1	0
1099	2	0.116189442483121	0.26356114700453	0.425252247460616	0.526667607381221	0.309062804977495	0.494134211403916	250.0	349.150758590422	546.34534967188	0.214616984479344	49.2393181443994	0.25903830450072	0	0.111737129425989	0.242571058348696	0.394662251536192	0.522191114191101	0.282925122110203	0.5	617.272898916712	172.824510342835	433889526.448201	0.249851589595234	53.3513393340495	0.17535857072054	0	1	0
1165	2	8.62837610573589E-2	0.152552400106487	0.2868575487963	0.423161155874557	0.200573787738941	0.442805810511718	250.0	382.243830748843	585.036220600165	0.308155919445922	26.5466466363574	6.92079127040088E-2	0	8.87027086435366E-2	0.158316691460695	0.292375618542083	0.435285203895615	0.203672909898547	0.458103034269464	521.925464770324	299.247513017771	305879019.790124	0.314749708462126	32.4175941252689	9.25714568249437E-2	0	1	0
1203	2	0.11521532168733	0.263159580542184	0.418984106599172	0.520044686469094	0.303768784911842	0.495899112165357	250.0	403.114250825833	183999453.295802	0.221230387852052	50.0711355719286	0.192822707059965	0	0.075177723024633	0.173944153263557	0.311661446781003	0.470480733254455	0.23648372375637	0.5	672.654892115381	182.93535443993	3336145936.03143	0.477790844944899	83.3279233345612	3.39653083797117E-2	0	1	0
1208	2	0.094356075912273	0.167922607803577	0.297829865846627	0.411151761891284	0.203473789934354	0.442798385029232	250.0	448.256820183356	661.132371944058	0.291353463644354	21.4297408255398	0.150616806401551	0	9.75577481277513E-2	0.175101866342175	0.301015527333017	0.426802879095868	0.203457779205266	0.461891148041903	645.214682182754	263.124761346069	398472765.959582	0.296495843198925	28.6761584109444	4.87399626234428E-2	0	1	0
1270	1	2.44091417616079E-2	9.05071306050617E-2	0.220639167982524	0.424812594619977	0.196230026220916	0.491628512642513	250.0	367.172889089005	7473890747.17635	0.798671147467692	135.685285101665	5.12281539139374E-2	0	1	0
1291	2	8.85329452227258E-2	0.165856486339506	0.306589686430643	0.423496796494249	0.218056741207917	0.441236589846246	250.0	318.604137873298	84816161.3745631	0.307527254927229	26.1885927431383	0.140251243487895	0	0.032859348642936	8.73714723783645E-2	0.215105550864741	0.413992620623851	0.182246202221805	0.45741871243177	140.540534169397	300.822101162968	5959311300.8729	0.711931130411812	111.35275474599	2.45817401758563E-2	0	1	0
10772	2	8.85255622784654E-2	0.169266697299911	0.312830943307058	0.40682496436627	0.224305381028592	0.429777893570126	250.0	242.736612588092	651.220031434995	0.308228329780136	21.0947615045725	8.67097772277228E-2	0	5.43157493085697E-3	5.10611054391692E-2	0.17389482998667	0.400349542086726	0.168463255055813	0.448519783608173	104.938118811881	287.770300677372	8919537912.41703	0.916680626387029	151.311461515958	8.74793729372937E-4	0	1	1
10900	2	9.05555703925428E-2	0.165569639989651	0.303523585132295	0.418008682193463	0.212968014739752	0.440845995256869	250.0	342.028797363272	609.517124634077	0.300679375247995	22.97368154541	0.159706801818871	0	2.48115969623069E-2	7.61244069872853E-2	0.202590178962239	0.409982703151942	0.177778581999932	0.45585528146426	114.003238141169	305.873074923661	6803590763.39664	0.77114456756697	122.77090972586	0.0217896758414	0	1	1
11069	2	9.98203885066637E-2	0.204340796397956	0.346148996175766	0.460644863499678	0.246328607669102	0.464389574646351	250.0	402.497044631545	609.904130996414	0.264040757544432	35.5681788241015	0.101789702828261	0	0.053245482808307	0.133484647115236	0.267140786105256	0.448946081903714	0.213895303296949	0.5	494.174583183899	196.024369164658	5066926321.37994	0.616015480524861	104.310425468495	2.48536660633711E-2	0	1	1
11099	2	0.116367130063368	0.264539672108565	0.42505089039709	0.528674806674548	0.308683760333722	0.496765965730679	250.0	365.832937680973	551.193393568746	0.21304584756808	50.2751200407847	0.181772290718155	0	0.108293416584019	0.236992812707401	0.388502177062411	0.519776876172345	0.280208760478392	0.5	743.104250440331	171.64144643101	715399616.309764	0.271302193441189	57.3464191101726	0.11854674155063	0	1	1
11165	2	0.085824803761791	0.153789997865387	0.29000297600157	0.42819814934307	0.204178172239779	0.444236503389401	250.0	364.455446037149	569.829591763999	0.308158093913673	27.9508600999517	6.40947916473662E-2	0	8.59610398907316E-2	0.154176683437891	0.28959870758332	0.436224860559052	0.203637667692588	0.457188640129541	463.981582701821	303.669781903387	408176947.621707	0.326488557751061	34.8945229843638	9.25919475273758E-2	0	1	1
11203	2	0.119369011918012	0.273960590731609	0.429420836523461	0.527391657077849	0.310051824605449	0.5	250.0	430.161966421634	563.629290749867	0.19929365964871	49.0912966346609	0.130161727423726	0	0.095594699170406	0.213536661700548	0.356019937695848	0.494222178140786	0.260425238525442	0.5	851.521111985313	171.187331046749	1784076547.89572	0.351288651204452	65.5975500165898	4.24792376956028E-2	0	1	1
11208	2	9.31081672749783E-2	0.171561666916908	0.306217288318552	0.428151982385821	0.213109121043574	0.4486417897007	250.0	411.428500533287	616.186730878928	0.29009475109636	26.515091833527	0.108620860108749	0	9.76889199120097E-2	0.175309824725866	0.306900992731432	0.437000030491726	0.209212072819423	0.462285602382163	605.966386554622	274.56385165398	584.045008558642	0.277974081177984	26.807953106546	6.43361344537815E-2	0	1	1
11291	2	8.21909100839264E-2	0.157315497267835	0.304394820357852	0.422937272685373	0.222203910273926	0.433173490253119	250.0	233.011794670398	570.662534466265	0.318426790547635	26.7907047547248	0.108857142857143	0	3.41438291856449E-2	8.53752336103769E-2	0.213071949377956	0.410327329104215	0.178928120192311	0.449261915371102	132.077922077922	322.511385550536	5591448333.87821	0.692921287211762	105.413981755545	2.05194805194805E-2	0	1	1
