Specification of which SVCs are contained in each TC
TC-ID[-]	SVC-ID[-]	fraction[-]
1	77218	0.345
1	120318	0.206
1	120303	0.104
1	1116503	0.081
1	109912	0.055
1	77216	0.049
1	1109912	0.043
1	109918	0.027
1	1120818	0.018
1	1109918	0.017
1	1120318	0.013
1	127021	0.009
2	120318	0.294
2	77218	0.286
2	109918	0.09
2	109912	0.079
2	77216	0.071
2	1116518	0.063
2	120303	0.061
2	1116503	0.014
2	83218	0.01
2	1109918	0.007
2	1120318	0.006
3	120318	0.295
3	77218	0.232
3	109918	0.127
3	1116518	0.065
3	109912	0.064
3	77216	0.064
3	83218	0.057
3	120303	0.057
3	1109918	0.01
3	109910	0.008
3	1106918	0.006
4	120318	0.322
4	77218	0.217
4	109918	0.183
4	83218	0.107
4	106918	0.039
4	1116518	0.028
4	120303	0.026
4	77216	0.023
4	109912	0.016
4	116518	0.012
5	120318	0.348
5	109918	0.214
5	77218	0.173
5	83218	0.162
5	106918	0.066
5	116518	0.008
5	109912	0.005
6	1116503	0.201
6	77217	0.132
6	77210	0.123
6	116503	0.111
6	127012	0.06
6	77213	0.056
6	120303	0.052
6	120317	0.049
6	116512	0.033
6	109912	0.027
6	1120303	0.021
6	1120803	0.02
6	1109912	0.02
6	1116512	0.016
6	77209	0.015
6	1120809	0.015
6	1106909	0.015
6	129103	0.01
6	1106903	0.01
6	77221	0.008
6	1090013	0.008
7	77217	0.187
7	116503	0.164
7	1116503	0.096
7	77213	0.089
7	120303	0.053
7	116512	0.041
7	77210	0.04
7	1120303	0.04
7	120317	0.034
7	109912	0.031
7	120312	0.027
7	127012	0.023
7	1120803	0.021
7	1109912	0.02
7	120817	0.02
7	77209	0.019
7	120329	0.016
7	116517	0.014
7	1106903	0.014
7	129113	0.012
7	1120809	0.011
7	109918	0.007
7	1120318	0.007
7	116516	0.007
8	77217	0.189
8	116503	0.166
8	77213	0.104
8	120312	0.065
8	1116503	0.059
8	120817	0.043
8	116512	0.038
8	120303	0.034
8	1120303	0.033
8	77210	0.025
8	1120803	0.024
8	109912	0.021
8	120317	0.021
8	1120318	0.019
8	120313	0.015
8	1109912	0.015
8	77209	0.015
8	116518	0.014
8	109918	0.014
8	129113	0.012
8	120818	0.01
8	116517	0.01
8	120803	0.01
8	116516	0.008
8	129103	0.008
8	1106903	0.008
9	77217	0.191
9	116503	0.13
9	77213	0.096
9	116518	0.062
9	120303	0.05
9	120817	0.046
9	120312	0.045
9	1116503	0.041
9	1120303	0.037
9	77210	0.036
9	116512	0.035
9	109918	0.029
9	116517	0.023
9	120313	0.022
9	120818	0.02
9	120317	0.018
9	1120318	0.017
9	109912	0.015
9	1109912	0.014
9	120803	0.013
9	1120803	0.013
9	116516	0.012
9	129113	0.011
9	77218	0.01
9	129103	0.006
10	77217	0.174
10	116503	0.109
10	116518	0.096
10	77213	0.084
10	120303	0.064
10	120817	0.045
10	116512	0.039
10	116517	0.037
10	1120303	0.037
10	109918	0.036
10	77210	0.035
10	120313	0.027
10	120312	0.026
10	1116503	0.025
10	120318	0.024
10	120818	0.023
10	77218	0.021
10	120803	0.02
10	120317	0.013
10	129118	0.012
10	1109912	0.012
10	109912	0.011
10	1077213	0.009
10	1120318	0.007
10	116516	0.007
10	129113	0.006
11	77218	0.255
11	120318	0.137
11	76718	0.091
11	109918	0.047
11	109912	0.043
11	120312	0.042
11	120303	0.039
11	1116503	0.036
11	77210	0.035
11	77217	0.034
11	120818	0.03
11	116503	0.023
11	129118	0.023
11	127018	0.019
11	1109912	0.018
11	77216	0.017
11	5050	0.013
11	120310	0.011
11	76716	0.011
11	1129118	0.011
11	127012	0.01
11	109916	0.009
11	127003	0.008
11	116518	0.006
12	77218	0.241
12	120318	0.206
12	76718	0.086
12	109918	0.075
12	127018	0.049
12	120818	0.044
12	109912	0.044
12	116518	0.032
12	77217	0.031
12	77210	0.031
12	129118	0.026
12	83218	0.017
12	120312	0.016
12	116503	0.014
12	76716	0.013
12	120303	0.013
12	1116503	0.012
12	127012	0.009
12	77216	0.009
12	1129118	0.007
12	1120312	0.007
12	1116518	0.007
12	1120318	0.006
12	120310	0.005
13	77218	0.249
13	120318	0.205
13	109918	0.116
13	76718	0.079
13	127018	0.068
13	120818	0.06
13	83218	0.059
13	116518	0.049
13	129118	0.033
13	76716	0.021
13	77217	0.012
13	116503	0.011
13	120303	0.009
13	77210	0.008
13	109912	0.008
13	1120312	0.007
13	109916	0.005
14	77218	0.241
14	120318	0.186
14	109918	0.105
14	76718	0.08
14	83218	0.066
14	127018	0.065
14	120818	0.049
14	116518	0.044
14	129118	0.032
14	120303	0.024
14	76716	0.017
14	120817	0.017
14	120312	0.015
14	1109916	0.012
14	116503	0.01
14	106918	0.007
14	1109918	0.006
14	109916	0.005
15	77218	0.209
15	120318	0.171
15	83218	0.095
15	109918	0.092
15	76718	0.07
15	120312	0.062
15	120818	0.046
15	127018	0.041
15	129118	0.031
15	116518	0.03
15	76716	0.021
15	120817	0.019
15	106918	0.019
15	120303	0.016
15	109916	0.016
15	1109916	0.01
15	106916	0.008
15	109917	0.007
15	1109918	0.006
16	77217	0.226
16	1116503	0.144
16	76718	0.098
16	77210	0.054
16	120303	0.044
16	77216	0.04
16	116516	0.04
16	127012	0.04
16	76709	0.04
16	109918	0.033
16	120312	0.031
16	129103	0.024
16	1129103	0.016
16	120317	0.01
16	116503	0.01
16	120318	0.009
16	1116509	0.007
17	77217	0.224
17	1116503	0.1
17	109918	0.068
17	76718	0.051
17	120303	0.049
17	77216	0.039
17	127012	0.039
17	116516	0.036
17	77218	0.027
17	116503	0.025
17	77210	0.025
17	129113	0.023
17	120318	0.021
17	76713	0.02
17	1116509	0.02
17	76709	0.019
17	120312	0.018
17	1120303	0.015
17	129103	0.014
17	116509	0.013
18	77217	0.19
18	116503	0.097
18	77218	0.06
18	1116503	0.06
18	109918	0.059
18	120312	0.039
18	120303	0.038
18	129113	0.035
18	76713	0.024
18	120318	0.023
18	77210	0.019
18	77213	0.018
18	120317	0.018
18	120817	0.018
18	116516	0.015
18	77216	0.013
18	1120303	0.012
18	120316	0.012
18	109917	0.011
18	116509	0.007
18	129118	0.007
19	77217	0.144
19	116503	0.083
19	1116503	0.061
19	77213	0.043
19	120303	0.041
19	109917	0.04
19	77218	0.039
19	109918	0.038
19	120817	0.034
19	120312	0.032
19	120317	0.029
19	129118	0.027
19	120316	0.026
19	129113	0.019
19	77210	0.011
19	1120303	0.008
19	120318	0.007
20	77217	0.084
20	109917	0.08
20	120303	0.08
20	1116503	0.071
20	77218	0.053
20	120817	0.044
20	77210	0.042
20	129118	0.034
20	116503	0.031
20	120318	0.031
20	77213	0.023
20	77216	0.022
20	120317	0.02
20	129112	0.016
20	1120303	0.012
20	120316	0.009
21	77217	0.187
21	116503	0.123
21	109912	0.09
21	1116503	0.078
21	77221	0.067
21	77213	0.066
21	76709	0.058
21	77210	0.042
21	1090012	0.034
21	120303	0.029
21	120317	0.028
21	127012	0.023
21	116518	0.019
21	129103	0.019
21	1120803	0.018
21	1109912	0.017
21	77209	0.015
21	1116512	0.015
21	1077210	0.014
21	109918	0.014
21	76713	0.012
21	116512	0.009
21	90012	0.008
22	77217	0.205
22	116503	0.162
22	77213	0.136
22	109912	0.074
22	1116503	0.054
22	109918	0.04
22	120817	0.039
22	76713	0.036
22	120303	0.034
22	116512	0.023
22	129103	0.022
22	77210	0.019
22	120312	0.019
22	77209	0.017
22	76717	0.016
22	76709	0.016
22	120803	0.013
22	116518	0.011
22	1077213	0.01
22	1109912	0.009
22	77216	0.009
22	1120803	0.006
23	77213	0.141
23	116503	0.14
23	77217	0.138
23	109918	0.07
23	77210	0.067
23	77218	0.056
23	109917	0.048
23	120303	0.044
23	120817	0.041
23	1116503	0.033
23	116518	0.021
23	109912	0.02
23	116512	0.019
23	1109912	0.017
23	1077213	0.016
23	120803	0.016
23	120312	0.014
23	76717	0.014
23	129110	0.013
23	1109918	0.011
23	106903	0.01
23	1106903	0.009
23	76718	0.009
23	77216	0.009
23	129118	0.008
23	120816	0.007
23	76713	0.007
24	77210	0.147
24	77213	0.126
24	116503	0.099
24	109917	0.089
24	109918	0.072
24	77217	0.068
24	120303	0.061
24	77218	0.059
24	116518	0.039
24	120817	0.035
24	106903	0.031
24	129110	0.022
24	76718	0.02
24	109912	0.017
24	1106903	0.017
24	77216	0.016
24	120803	0.015
24	106918	0.014
24	120818	0.01
24	76710	0.009
24	1106918	0.009
24	116512	0.009
24	120816	0.008
24	106917	0.007
25	77210	0.167
25	77213	0.108
25	109917	0.1
25	120303	0.065
25	116503	0.065
25	109918	0.062
25	77217	0.062
25	77218	0.046
25	116518	0.037
25	120817	0.034
25	106903	0.032
25	106917	0.03
25	106918	0.026
25	1106918	0.022
25	76718	0.022
25	129110	0.021
25	77216	0.019
25	76710	0.016
25	120803	0.013
25	109912	0.012
25	1106903	0.011
25	120818	0.01
25	120816	0.009
25	116512	0.007
25	116517	0.006
26	1106903	0.206
26	116512	0.101
26	77217	0.087
26	1116503	0.071
26	1109912	0.061
26	127012	0.057
26	76709	0.05
26	77213	0.035
26	77210	0.029
26	120303	0.023
26	1090012	0.022
26	116517	0.022
26	1106909	0.021
26	1106917	0.017
26	120318	0.016
26	77209	0.016
26	120317	0.015
26	1120803	0.015
26	109912	0.014
26	1106918	0.011
26	1120303	0.011
26	120312	0.01
26	90017	0.009
26	76710	0.009
26	120818	0.009
26	120316	0.008
26	1120310	0.008
26	1106910	0.007
26	1120818	0.007
26	1106913	0.007
27	1106903	0.167
27	77217	0.122
27	116512	0.093
27	1106917	0.062
27	1116503	0.058
27	77213	0.057
27	76709	0.055
27	120303	0.044
27	1106918	0.044
27	120312	0.037
27	116517	0.032
27	109912	0.03
27	1090012	0.028
27	127012	0.027
27	1106909	0.027
27	1109912	0.026
27	1106916	0.017
27	120318	0.017
27	120317	0.016
27	106903	0.011
27	1120303	0.01
27	120316	0.009
27	1116518	0.007
28	1106903	0.126
28	77217	0.116
28	1106917	0.1
28	116512	0.08
28	120312	0.049
28	120303	0.048
28	77213	0.041
28	1116503	0.04
28	1106916	0.036
28	76709	0.033
28	1106909	0.03
28	1106918	0.029
28	109912	0.025
28	76713	0.022
28	1116518	0.02
28	1090012	0.018
28	116503	0.017
28	120317	0.016
28	116517	0.016
28	116518	0.015
28	120318	0.015
28	106903	0.012
28	77216	0.012
28	1120303	0.012
28	1090010	0.011
28	1109912	0.01
28	106909	0.009
28	77210	0.008
28	120817	0.007
28	106916	0.006
28	106918	0.006
29	77217	0.111
29	1106917	0.102
29	1106903	0.095
29	116512	0.082
29	1106916	0.047
29	116503	0.045
29	120312	0.044
29	120303	0.036
29	76713	0.029
29	76709	0.028
29	1116518	0.027
29	1120303	0.027
29	77216	0.025
29	77213	0.025
29	116518	0.024
29	1106909	0.024
29	106916	0.02
29	1106918	0.019
29	109912	0.017
29	1116503	0.016
29	120317	0.016
29	120318	0.014
29	1090010	0.014
29	106918	0.014
29	116516	0.014
29	77210	0.012
29	1090012	0.011
29	120817	0.01
29	106909	0.008
29	109910	0.008
29	120316	0.006
29	1109912	0.006
30	77217	0.112
30	1106917	0.092
30	1106903	0.079
30	116512	0.076
30	1106916	0.06
30	116503	0.048
30	120303	0.044
30	116518	0.04
30	120312	0.032
30	76713	0.029
30	1120303	0.029
30	77216	0.028
30	106916	0.027
30	76709	0.026
30	116516	0.025
30	77213	0.022
30	106917	0.02
30	106918	0.019
30	1090010	0.019
30	1116518	0.018
30	120317	0.016
30	120318	0.014
30	109910	0.014
30	109912	0.014
30	1106909	0.013
30	106909	0.012
30	77210	0.01
30	120316	0.009
30	1106918	0.008
30	120818	0.007
30	1090012	0.006
30	120817	0.006
31	116503	0.125
31	77213	0.112
31	1120303	0.078
31	77217	0.074
31	120303	0.065
31	120317	0.061
31	116512	0.061
31	77210	0.05
31	120312	0.048
31	90013	0.045
31	120318	0.034
31	1116503	0.03
31	116516	0.027
31	1106909	0.025
31	1120312	0.019
31	1120809	0.019
31	1077213	0.018
31	127012	0.018
31	76718	0.015
31	1120803	0.011
31	106918	0.01
31	1106903	0.01
31	1106912	0.006
32	120303	0.135
32	77213	0.127
32	116503	0.109
32	77217	0.085
32	116512	0.066
32	120318	0.064
32	1120303	0.054
32	120312	0.044
32	1116503	0.044
32	116516	0.041
32	120317	0.039
32	90013	0.03
32	1106903	0.027
32	1077213	0.018
32	77210	0.016
32	120817	0.014
32	76718	0.013
32	1106909	0.011
32	1120803	0.01
32	1120809	0.007
32	127012	0.006
33	120303	0.196
33	116503	0.09
33	116512	0.078
33	77213	0.072
33	1116503	0.067
33	120318	0.053
33	77217	0.05
33	77210	0.049
33	120312	0.048
33	77218	0.04
33	1106903	0.033
33	1077213	0.032
33	120817	0.029
33	1120303	0.023
33	120317	0.023
33	90013	0.018
33	1120809	0.016
33	116516	0.013
33	90017	0.009
33	106912	0.007
34	120303	0.223
34	77210	0.102
34	1116503	0.097
34	77218	0.067
34	116512	0.062
34	116503	0.06
34	120318	0.051
34	120312	0.045
34	120317	0.038
34	1077213	0.031
34	1106903	0.027
34	1120809	0.026
34	77213	0.025
34	90017	0.022
34	116516	0.02
34	77217	0.018
34	106916	0.012
34	120817	0.011
34	106912	0.008
35	120303	0.231
35	77210	0.106
35	1116503	0.093
35	77218	0.072
35	116512	0.063
35	116503	0.056
35	120318	0.045
35	120312	0.044
35	120317	0.042
35	1120809	0.032
35	1077213	0.029
35	90017	0.024
35	77213	0.023
35	1106903	0.022
35	116516	0.019
35	106916	0.012
35	77217	0.01
35	120818	0.009
35	106912	0.009
35	106903	0.006
36	77218	0.307
36	120318	0.172
36	129118	0.135
36	129103	0.078
36	120303	0.073
36	109912	0.045
36	76718	0.045
36	77216	0.04
36	120316	0.038
36	1120809	0.02
36	84618	0.014
36	129110	0.012
37	77218	0.248
37	120318	0.184
37	129118	0.139
37	120303	0.102
37	129103	0.05
37	76718	0.044
37	77216	0.042
37	1109912	0.038
37	83218	0.038
37	129110	0.03
37	1120818	0.02
37	120316	0.019
37	84618	0.017
37	1120809	0.013
37	120818	0.011
37	109912	0.005
38	120318	0.252
38	77218	0.188
38	129118	0.127
38	83218	0.088
38	129110	0.065
38	120303	0.046
38	120818	0.041
38	76718	0.037
38	77216	0.03
38	1109918	0.021
38	84616	0.02
38	1109912	0.016
38	84618	0.014
38	109918	0.007
38	120317	0.005
39	120318	0.253
39	77218	0.182
39	129118	0.116
39	83218	0.096
39	129110	0.076
39	109918	0.043
39	120303	0.037
39	120818	0.034
39	84618	0.024
39	76718	0.024
39	77216	0.021
39	120317	0.016
39	120817	0.01
40	120318	0.244
40	77218	0.194
40	129118	0.159
40	83218	0.107
40	129110	0.044
40	120303	0.042
40	109918	0.035
40	120818	0.024
40	120810	0.023
40	120817	0.016
40	76718	0.015
40	84618	0.015
40	106918	0.009
41	77218	0.278
41	120318	0.242
41	84618	0.111
41	120303	0.087
41	1116503	0.056
41	106918	0.056
41	77217	0.056
41	127021	0.016
41	120321	0.007
42	120318	0.316
42	77218	0.299
42	120303	0.108
42	84618	0.09
42	106918	0.056
42	77217	0.056
42	1116503	0.032
42	116503	0.024
43	120318	0.271
43	77218	0.244
43	120818	0.107
43	120303	0.045
43	116503	0.036
43	84618	0.028
43	77217	0.026
43	120316	0.025
43	116518	0.02
43	120803	0.017
43	120817	0.016
43	83218	0.016
43	77216	0.012
43	120816	0.009
43	106918	0.008
44	120818	0.172
44	120316	0.112
44	120318	0.068
44	77218	0.067
44	120817	0.062
44	120816	0.048
44	116518	0.036
44	120303	0.024
44	106918	0.021
44	77210	0.008
44	120810	0.008
45	120817	0.144
45	120316	0.111
45	120818	0.087
45	120318	0.056
45	106918	0.056
45	77218	0.054
45	120816	0.04
45	120303	0.029
45	106916	0.016
45	120803	0.009
45	120810	0.008
45	77210	0.006
46	120318	0.178
46	77213	0.166
46	120303	0.155
46	77218	0.11
46	77210	0.078
46	120310	0.06
46	77221	0.048
46	116503	0.039
46	1116503	0.032
46	120316	0.022
46	77209	0.018
47	120303	0.182
47	77213	0.156
47	120318	0.15
47	77217	0.069
47	116503	0.063
47	120317	0.06
47	77218	0.03
47	120316	0.028
47	77209	0.026
47	120817	0.017
47	120310	0.01
48	120303	0.2
48	120317	0.144
48	77213	0.117
48	77217	0.109
48	116503	0.068
48	120817	0.05
48	120318	0.037
48	120316	0.034
48	77218	0.019
48	77210	0.007
49	120317	0.167
49	120303	0.166
49	77217	0.074
49	116503	0.072
49	77213	0.069
49	120817	0.047
49	120318	0.031
49	116518	0.027
49	76718	0.026
49	77210	0.026
49	77218	0.019
49	120818	0.017
49	120316	0.016
49	1077210	0.011
49	120803	0.008
50	120317	0.165
50	120303	0.154
50	77217	0.106
50	120817	0.049
50	76710	0.046
50	120318	0.045
50	77213	0.038
50	120818	0.037
50	116503	0.035
50	116518	0.03
50	77216	0.02
50	120803	0.018
50	76718	0.013
50	77210	0.011
51	109912	0.191
51	76709	0.152
51	120303	0.148
51	1116503	0.117
51	129113	0.067
51	129116	0.066
51	129118	0.058
51	120317	0.044
51	120817	0.041
51	1116509	0.026
51	116518	0.025
51	116503	0.021
51	77209	0.006
52	109912	0.176
52	120303	0.159
52	116503	0.146
52	76709	0.138
52	129113	0.117
52	120817	0.093
52	129116	0.043
52	1116503	0.037
52	77213	0.036
52	129118	0.026
52	76713	0.012
52	109918	0.01
52	120316	0.007
53	109912	0.159
53	120303	0.15
53	129113	0.149
53	116503	0.143
53	76709	0.097
53	120817	0.092
53	77209	0.04
53	77213	0.032
53	129116	0.027
53	109918	0.026
53	1116503	0.022
53	120316	0.022
53	76713	0.016
53	106903	0.01
53	1106903	0.008
53	129118	0.008
54	129113	0.176
54	120303	0.154
54	116503	0.092
54	120817	0.092
54	77213	0.077
54	77209	0.077
54	109912	0.064
54	109918	0.063
54	1106903	0.054
54	1109918	0.041
54	106903	0.038
54	76713	0.024
54	120316	0.015
54	120803	0.013
54	1106918	0.01
54	129118	0.007
54	76709	0.006
55	129113	0.182
55	120303	0.142
55	77213	0.14
55	120817	0.091
55	109918	0.084
55	116503	0.082
55	106903	0.069
55	106918	0.049
55	120803	0.04
55	77209	0.029
55	109912	0.028
55	106917	0.022
55	1109918	0.012
55	1106918	0.01
55	116518	0.008
55	77216	0.008
55	76713	0.005
56	120318	0.351
56	77210	0.176
56	120303	0.121
56	77213	0.104
56	77216	0.072
56	5050	0.066
56	109916	0.06
56	109918	0.051
57	77216	0.195
57	120318	0.194
57	120303	0.167
57	120316	0.139
57	77210	0.138
57	109916	0.094
57	1109916	0.073
58	120316	0.368
58	77216	0.32
58	109918	0.078
58	120318	0.072
58	109916	0.068
58	120303	0.06
58	1109916	0.021
58	77217	0.013
59	120316	0.44
59	77216	0.305
59	109918	0.121
59	109916	0.046
59	120318	0.037
59	120303	0.023
59	77217	0.017
59	77210	0.011
60	120316	0.366
60	77216	0.311
60	109916	0.122
60	120303	0.088
60	109918	0.045
60	120318	0.021
60	120816	0.014
60	77217	0.013
60	120818	0.012
60	77210	0.008
61	84618	0.344
61	129118	0.139
61	77218	0.111
61	120318	0.095
61	102118	0.051
61	129116	0.045
61	120303	0.037
61	1120818	0.028
61	129121	0.028
61	120321	0.024
61	1120809	0.015
61	127021	0.012
61	106918	0.011
61	102113	0.009
61	77216	0.007
61	129103	0.006
61	106913	0.005
62	84618	0.29
62	129118	0.256
62	77218	0.134
62	120318	0.081
62	102118	0.069
62	129116	0.048
62	1120818	0.038
62	120818	0.036
62	77216	0.021
62	102113	0.008
63	129118	0.272
63	84618	0.245
63	120318	0.151
63	77218	0.102
63	102118	0.078
63	129116	0.037
64	129118	0.276
64	120318	0.154
64	84618	0.149
64	77218	0.093
64	102118	0.058
64	83218	0.02
64	102116	0.018
64	129116	0.016
64	129113	0.015
64	77210	0.008
65	129118	0.242
65	120318	0.154
65	102116	0.077
65	77218	0.073
65	84618	0.068
65	129113	0.056
65	83218	0.044
65	129116	0.011
66	77210	0.438
66	77216	0.184
66	1090010	0.071
66	1106903	0.056
66	77218	0.047
66	5050	0.041
66	1090016	0.034
66	120316	0.029
66	1120803	0.028
66	120803	0.028
66	120321	0.023
66	90018	0.014
66	90016	0.007
67	77216	0.339
67	77210	0.294
67	1090010	0.057
67	1106903	0.056
67	120803	0.056
67	90018	0.056
67	120316	0.055
67	90010	0.029
67	77218	0.023
67	90016	0.018
67	77209	0.011
67	1090016	0.007
68	77216	0.539
68	77210	0.137
68	120316	0.056
68	120816	0.045
68	109918	0.042
68	1106903	0.04
68	1090016	0.033
68	90010	0.028
68	90016	0.026
68	1090010	0.016
68	90018	0.015
68	1106916	0.012
68	120803	0.01
70	77216	0.611
70	120316	0.068
70	1090016	0.05
70	77218	0.041
70	120816	0.04
70	116516	0.04
70	1109916	0.029
70	84618	0.029
70	106916	0.021
70	77210	0.016
70	1109918	0.013
70	84616	0.01
70	109916	0.006
70	90016	0.006
71	106903	0.523
71	1106909	0.239
71	1106903	0.128
71	1116503	0.11
72	106903	0.426
72	1106903	0.38
72	106918	0.12
72	1106918	0.031
72	1106909	0.024
72	106917	0.019
73	106903	0.406
73	106918	0.325
73	106917	0.269
74	106917	0.434
74	106918	0.268
74	106903	0.217
74	120818	0.045
74	106916	0.035
75	106917	0.447
75	120818	0.234
75	106918	0.135
75	106916	0.131
75	106903	0.053
76	106903	0.323
76	1116503	0.244
76	1106903	0.159
76	116503	0.078
76	1116509	0.061
76	1120809	0.056
76	116518	0.036
76	1120803	0.016
76	120803	0.013
76	1106909	0.007
76	116509	0.007
77	106903	0.704
77	106918	0.136
77	120803	0.059
77	106917	0.043
77	1106903	0.03
77	116503	0.019
77	1116503	0.009
78	106917	0.474
78	106903	0.342
78	120803	0.076
78	120818	0.037
78	106918	0.03
78	1106903	0.028
78	120816	0.014
79	106917	0.727
79	106903	0.134
79	120818	0.094
79	120816	0.046
80	106917	0.77
80	120818	0.1
80	106903	0.084
80	120816	0.041
80	120803	0.006
81	1106903	0.416
81	106917	0.196
81	106912	0.169
81	106916	0.12
81	116516	0.05
81	1106918	0.031
81	1106916	0.017
82	1106903	0.34
82	106917	0.318
82	106918	0.119
82	106916	0.065
82	1106918	0.063
82	116516	0.057
82	116518	0.024
82	106912	0.015
83	106917	0.313
83	1106903	0.3
83	106918	0.214
83	106916	0.085
83	116518	0.069
83	116516	0.011
83	1106918	0.008
84	106917	0.295
84	1106903	0.274
84	106918	0.21
84	106916	0.11
84	116518	0.081
84	106903	0.031
85	106917	0.319
85	106918	0.236
85	1106903	0.2
85	116518	0.075
85	106916	0.062
85	106903	0.055
85	1106918	0.051
86	106903	0.404
86	106918	0.161
86	106917	0.141
86	1106903	0.127
86	1116503	0.035
86	116503	0.034
86	1106918	0.028
86	1106917	0.025
86	109918	0.02
86	1109918	0.015
86	1109917	0.006
86	109917	0.005
87	106903	0.427
87	1106903	0.209
87	106917	0.198
87	106918	0.066
87	109917	0.033
87	1116503	0.032
87	1109917	0.013
87	1106918	0.012
87	1106917	0.009
88	1106903	0.484
88	106917	0.215
88	106903	0.164
88	106918	0.08
88	109917	0.044
88	1109917	0.007
88	1116503	0.006
89	1106903	0.361
89	106917	0.283
89	106903	0.233
89	106918	0.067
89	1106918	0.022
89	106916	0.021
89	109917	0.013
90	106917	0.321
90	1106903	0.302
90	106903	0.264
90	106918	0.077
90	1106918	0.03
90	106913	0.006
91	106918	0.387
91	1106918	0.161
91	1106903	0.155
91	106916	0.058
91	1106913	0.053
91	116512	0.043
91	1116503	0.031
91	116503	0.028
91	106913	0.017
91	106903	0.016
91	90012	0.012
91	1090012	0.01
91	90018	0.008
91	116518	0.008
91	1109918	0.007
91	1106916	0.006
92	106918	0.466
92	1106918	0.18
92	1106903	0.092
92	1116503	0.032
92	106912	0.027
92	116503	0.025
92	106916	0.024
92	1106913	0.023
92	106903	0.023
92	116512	0.022
92	1116512	0.021
92	106913	0.02
92	90012	0.014
92	116518	0.01
92	90018	0.007
92	1116518	0.007
92	1106916	0.007
93	106918	0.523
93	1106918	0.149
93	106912	0.067
93	1106903	0.064
93	116518	0.031
93	106903	0.031
93	116503	0.022
93	1116512	0.018
93	116512	0.017
93	106916	0.017
93	106913	0.016
93	1106913	0.012
93	90018	0.009
93	1116518	0.009
93	1106916	0.008
93	109918	0.006
94	106918	0.643
94	106903	0.08
94	1106918	0.072
94	106916	0.034
94	106912	0.032
94	90018	0.03
94	116518	0.024
94	106913	0.021
94	1106903	0.017
94	116512	0.016
94	116503	0.016
94	1106916	0.009
94	109918	0.006
95	106918	0.631
95	106903	0.095
95	106916	0.091
95	90018	0.043
95	1106918	0.035
95	1106916	0.021
95	116512	0.012
95	106912	0.012
95	116518	0.012
95	116503	0.011
95	106913	0.011
95	90016	0.01
95	1106903	0.008
95	109918	0.008
96	106918	0.68
96	1106918	0.133
96	1106903	0.074
96	106903	0.032
96	106916	0.028
96	106913	0.018
96	1106916	0.014
97	106918	0.758
97	1106918	0.197
97	106913	0.027
97	106903	0.009
99	106918	0.848
99	1106918	0.137
99	106913	0.015
100	106918	0.888
100	106916	0.061
100	106903	0.027
100	1106918	0.025
101	106918	0.73
101	106917	0.104
101	106916	0.101
101	106912	0.066
102	106918	0.734
102	106912	0.12
102	106916	0.086
102	106903	0.06
103	106918	0.545
103	106916	0.281
103	106903	0.174
104	106918	0.706
104	106916	0.263
104	106903	0.031
105	106918	0.725
105	106916	0.275
106	106918	0.494
106	106916	0.099
106	1106918	0.095
106	1106903	0.063
106	116512	0.056
106	1106909	0.051
106	109916	0.038
106	116518	0.024
106	116516	0.023
106	116503	0.02
106	1116503	0.018
106	106903	0.013
106	109918	0.005
107	106918	0.722
107	106903	0.104
107	106916	0.066
107	1106918	0.027
107	116512	0.019
107	116518	0.017
107	106913	0.015
107	116503	0.013
107	1116518	0.007
107	1106903	0.005
107	120818	0.005
108	106918	0.718
108	106916	0.123
108	120818	0.062
108	106903	0.055
108	102118	0.028
108	1106918	0.014
109	106918	0.66
109	106916	0.112
109	120818	0.092
109	116518	0.067
109	102118	0.028
109	106903	0.027
109	102116	0.014
110	106918	0.559
110	106916	0.146
110	116518	0.111
110	120818	0.11
110	102116	0.043
110	106903	0.021
110	102118	0.01
111	1106912	0.206
111	116503	0.175
111	1116503	0.165
111	106912	0.134
111	106918	0.086
111	1106916	0.062
111	120812	0.055
111	116518	0.033
111	1106918	0.023
111	1106903	0.011
111	1106910	0.011
111	106903	0.009
111	120818	0.007
112	106903	0.227
112	120812	0.113
112	106917	0.11
112	106918	0.092
112	1106903	0.058
112	106912	0.042
112	1106918	0.03
112	116503	0.028
112	1106910	0.023
112	1106912	0.021
112	120818	0.015
112	1106917	0.013
112	106916	0.01
113	106918	0.22
113	106917	0.171
113	106903	0.162
113	106916	0.083
113	120812	0.08
113	1106903	0.01
113	120816	0.006
114	106918	0.222
114	106917	0.17
114	106903	0.157
114	106916	0.107
114	120816	0.031
114	106910	0.016
114	120812	0.016
115	106918	0.296
115	106917	0.167
115	106903	0.13
115	106916	0.099
115	106910	0.068
116	106918	0.507
116	1106918	0.219
116	1116503	0.08
116	106917	0.076
116	106916	0.053
116	1106903	0.052
116	1116518	0.013
117	106918	0.731
117	106903	0.083
117	1106918	0.051
117	106917	0.049
117	106916	0.038
117	106910	0.028
117	106912	0.02
118	106918	0.647
118	106916	0.134
118	106903	0.118
118	106912	0.094
118	106917	0.006
119	106918	0.585
119	106916	0.163
119	106903	0.109
119	106912	0.079
119	106910	0.044
119	1106918	0.021
120	106918	0.534
120	106916	0.158
120	106903	0.138
120	106912	0.07
120	1106918	0.045
120	106910	0.028
120	1106910	0.019
120	106917	0.008
121	106916	0.686
121	106917	0.238
121	116516	0.076
122	106916	0.579
122	106918	0.262
122	106917	0.108
122	116516	0.046
122	116518	0.006
123	106916	0.607
123	106918	0.393
124	106916	0.572
124	106918	0.393
124	106912	0.027
124	109918	0.008
125	106916	0.355
125	106918	0.247
125	106912	0.165
125	109918	0.103
125	106903	0.088
125	109916	0.042
126	106918	0.486
126	1106918	0.348
126	1106903	0.083
126	106916	0.083
127	106918	0.834
127	106916	0.086
127	106903	0.025
127	1106918	0.023
127	116518	0.02
127	1106903	0.006
127	1106916	0.006
128	106918	0.815
128	106903	0.109
128	106916	0.045
128	116512	0.019
128	116518	0.012
129	106918	0.724
129	106903	0.177
129	106916	0.077
129	116512	0.012
129	106912	0.01
130	106918	0.641
130	106903	0.237
130	106916	0.087
130	106910	0.022
130	106912	0.013
131	106916	0.72
131	1106916	0.095
131	106918	0.086
131	1106918	0.034
131	1106903	0.029
131	1116516	0.018
131	106903	0.012
131	116516	0.006
132	106916	0.857
132	106918	0.084
132	1106916	0.047
132	106903	0.012
133	106916	0.832
133	106918	0.168
134	106916	0.873
134	106918	0.127
135	106916	0.824
135	106918	0.176
136	106916	0.42
136	1106918	0.189
136	106918	0.145
136	1106916	0.081
136	1106903	0.043
137	106916	0.602
137	1106916	0.222
137	1106918	0.086
137	106918	0.041
138	106916	0.733
138	1106916	0.116
138	106918	0.108
138	1106918	0.044
139	106916	0.772
139	106918	0.213
139	1106916	0.015
140	106916	0.785
140	106918	0.204
140	1106916	0.012
141	106918	0.614
141	106916	0.386
142	106918	0.742
142	106916	0.218
142	106903	0.022
142	106917	0.019
143	106918	0.913
143	106916	0.037
143	106903	0.019
143	1106918	0.016
143	106917	0.016
144	106918	0.821
144	1106918	0.133
144	1106910	0.024
144	106910	0.022
146	106916	0.932
146	106903	0.048
146	106918	0.02
147	106916	0.755
147	106918	0.245
148	106916	1
149	106916	1
150	106916	1
151	106916	0.448
151	106918	0.16
151	1106903	0.107
151	109916	0.054
151	1116503	0.051
151	1106918	0.041
151	116516	0.038
151	1106916	0.033
151	109918	0.025
151	116503	0.017
151	5050	0.017
151	1109916	0.011
152	106916	0.672
152	1106916	0.093
152	1109916	0.068
152	116518	0.042
152	1116503	0.041
152	106918	0.033
152	109916	0.019
152	1116518	0.018
152	1109918	0.013
153	106916	0.759
153	109916	0.098
153	116518	0.045
153	1116518	0.041
153	1106916	0.039
153	1116503	0.012
153	106918	0.006
154	106916	0.873
154	106918	0.035
154	116516	0.018
154	1106918	0.016
154	1116518	0.015
154	106912	0.013
154	109916	0.01
154	116512	0.008
154	116518	0.006
154	106917	0.006
155	106916	0.72
155	106918	0.193
155	116512	0.058
155	116516	0.019
155	106912	0.01
156	106916	0.556
156	106918	0.341
156	1106903	0.088
156	1106918	0.014
157	106916	0.747
157	106918	0.191
157	1106916	0.045
157	1106903	0.016
158	106916	0.925
158	1106916	0.056
158	106918	0.019
159	106916	0.981
159	106918	0.019
160	106916	0.808
160	106918	0.123
160	106910	0.043
160	106903	0.025
161	127021	0.229
161	127016	0.179
161	1106903	0.116
161	1106916	0.083
161	129121	0.066
161	120316	0.063
161	106916	0.054
161	1116516	0.047
161	120303	0.044
161	116512	0.043
161	129118	0.041
161	120321	0.036
162	127016	0.304
162	120316	0.115
162	120303	0.112
162	1106903	0.107
162	1106916	0.1
162	127021	0.1
162	1116516	0.043
162	129121	0.04
162	1116512	0.033
162	106916	0.032
162	116512	0.014
163	120316	0.246
163	1106916	0.235
163	120303	0.2
163	127016	0.154
163	1106903	0.054
163	1116512	0.033
163	127021	0.02
163	116512	0.014
163	106916	0.011
163	120321	0.01
164	120316	0.586
164	1106916	0.258
164	106916	0.044
164	1106903	0.039
164	116512	0.019
164	116516	0.018
164	120303	0.017
164	1116512	0.012
164	1116516	0.008
165	120316	0.561
165	1106916	0.248
165	106916	0.092
165	116516	0.045
165	120303	0.039
165	1106903	0.016
166	106917	0.433
166	116503	0.169
166	1106917	0.113
166	106903	0.056
166	1106918	0.051
166	1116503	0.041
166	106918	0.037
167	106918	0.254
167	106917	0.252
167	1106917	0.205
167	116503	0.152
167	1106918	0.089
167	106903	0.049
168	106918	0.31
168	106917	0.296
168	116503	0.2
168	1106917	0.194
169	106917	0.5
169	106918	0.252
169	116503	0.2
169	1106917	0.049
170	106917	0.604
170	106918	0.121
170	106903	0.118
170	106912	0.075
170	116503	0.057
170	1106903	0.016
170	1106918	0.009
171	106917	0.273
171	106903	0.267
171	1106913	0.221
171	1106910	0.077
171	106913	0.067
171	1106903	0.043
171	1106912	0.027
171	1106917	0.015
171	1106918	0.011
172	106903	0.357
172	106917	0.244
172	106913	0.143
172	1106903	0.104
172	1106913	0.062
172	1106910	0.054
172	106918	0.036
173	106903	0.34
173	106917	0.244
173	106918	0.173
173	1106903	0.101
173	106913	0.089
173	1106910	0.04
173	1106913	0.007
173	1106918	0.007
174	106918	0.515
174	106917	0.259
174	106903	0.083
174	1106918	0.079
174	1106903	0.064
175	106918	0.525
175	106917	0.198
175	1106918	0.103
175	1106903	0.08
175	106912	0.065
175	106903	0.03
176	106916	0.21
176	106918	0.2
176	106912	0.155
176	1106918	0.127
176	1106912	0.104
176	1106903	0.077
176	1106916	0.044
176	1106913	0.032
176	1106910	0.011
177	106916	0.449
177	106918	0.108
177	106912	0.095
177	1106916	0.08
177	1106918	0.051
177	1106903	0.049
177	106917	0.014
177	1106910	0.013
177	1106913	0.011
177	116516	0.009
177	116512	0.006
178	106916	0.801
178	106918	0.047
178	1106916	0.042
178	106917	0.033
178	106912	0.032
178	116516	0.018
178	1106903	0.011
178	109916	0.008
178	116512	0.007
179	106916	0.799
179	106918	0.06
179	109916	0.059
179	116516	0.032
179	1106916	0.019
179	106917	0.016
179	106912	0.015
180	106916	0.759
180	106918	0.088
180	109916	0.064
180	116516	0.037
180	106917	0.023
180	106912	0.016
180	1106916	0.013
181	106918	0.447
181	106916	0.156
181	116503	0.124
181	1106918	0.077
181	106912	0.076
181	1116503	0.053
181	116518	0.048
181	1116518	0.02
182	106918	0.452
182	116518	0.121
182	106916	0.108
182	116503	0.099
182	106912	0.087
182	1106918	0.074
182	1116503	0.034
182	1116518	0.025
183	106918	0.445
183	116503	0.117
183	1106918	0.097
183	106912	0.093
183	106903	0.083
183	106916	0.073
183	116518	0.051
183	1116503	0.021
183	1116518	0.019
184	106918	0.659
184	106903	0.117
184	116503	0.061
184	1106918	0.053
184	106912	0.039
184	106916	0.025
184	116518	0.025
184	1116503	0.016
184	1106903	0.006
185	106918	0.883
185	106917	0.056
185	116518	0.02
185	106912	0.015
185	1116503	0.012
185	116503	0.007
185	106916	0.007
186	106918	0.73
186	106916	0.075
186	1106918	0.037
186	116512	0.03
186	109916	0.026
186	1106913	0.024
186	116518	0.02
186	1106903	0.017
186	106910	0.014
186	109918	0.01
186	106903	0.01
186	106913	0.007
187	106918	0.862
187	106916	0.078
187	106903	0.047
187	106910	0.013
188	106918	0.813
188	106916	0.139
188	106903	0.049
189	106918	0.804
189	106916	0.165
189	106903	0.021
189	106917	0.01
190	106918	0.753
190	106916	0.235
190	106917	0.012
191	106918	0.379
191	1106918	0.252
191	106916	0.232
191	1106912	0.094
191	106912	0.043
192	106916	0.826
192	106918	0.106
192	1106918	0.068
193	106916	0.929
193	106918	0.071
194	106916	0.779
194	106918	0.221
195	106916	0.779
195	106918	0.221
196	90018	0.45
196	90012	0.103
196	90010	0.102
196	1090018	0.089
196	1090012	0.058
196	90016	0.046
196	1090010	0.041
196	109918	0.037
196	5050	0.021
196	106918	0.018
196	106912	0.011
196	1106912	0.011
196	1090016	0.007
196	1090013	0.006
197	90018	0.679
197	90012	0.096
197	1090018	0.048
197	5050	0.031
197	109918	0.03
197	1090012	0.029
197	90016	0.026
197	90010	0.025
197	1090010	0.019
197	106918	0.012
197	106916	0.006
198	90018	0.786
198	90012	0.069
198	5050	0.044
198	1090018	0.033
198	90016	0.032
198	1090012	0.011
198	106916	0.007
198	90010	0.007
198	1090010	0.005
198	109918	0.005
199	90018	0.85
199	90016	0.042
199	1090018	0.038
199	5050	0.034
199	90012	0.031
199	106916	0.006
200	90018	0.766
200	90016	0.092
200	90017	0.047
200	90010	0.042
200	1090018	0.026
200	90013	0.014
200	1109918	0.006
200	5050	0.006
201	90018	0.713
201	90016	0.13
201	90013	0.063
201	102118	0.04
201	1090016	0.028
201	1090018	0.015
201	106918	0.01
202	90018	0.919
202	1090018	0.032
202	90013	0.026
202	90016	0.023
203	90018	0.913
203	90016	0.072
203	1090018	0.015
204	90018	0.742
204	90016	0.153
204	90010	0.098
204	90017	0.007
205	90018	0.707
205	90016	0.159
205	90013	0.071
205	90010	0.051
206	90016	0.423
206	90018	0.155
206	90012	0.12
206	90017	0.095
206	1090016	0.066
206	1090010	0.06
206	90010	0.04
206	102118	0.032
206	1090012	0.008
207	90016	0.547
207	90018	0.139
207	1090016	0.099
207	90012	0.059
207	90017	0.058
207	90010	0.048
207	1090010	0.037
207	102118	0.013
208	90016	0.614
208	1090016	0.135
208	90018	0.095
208	90010	0.078
208	90012	0.047
208	90017	0.03
209	90016	0.716
209	1090016	0.097
209	90018	0.091
209	90010	0.036
209	90012	0.015
210	90016	0.598
210	90018	0.133
210	90010	0.114
210	1090016	0.044
210	90012	0.014
210	5050	0.005
211	90010	0.347
211	1090012	0.207
211	1090010	0.144
211	1090018	0.139
211	90018	0.086
211	90013	0.053
211	1090013	0.024
212	90018	0.556
212	1090012	0.175
212	90010	0.162
212	90013	0.084
212	1090018	0.023
213	90018	0.66
213	90013	0.204
213	1090012	0.113
213	90012	0.023
214	90018	0.654
214	90013	0.244
214	90012	0.092
214	1090012	0.01
215	90018	0.786
215	90013	0.161
215	90012	0.053
216	90017	0.713
216	90013	0.101
216	90016	0.073
216	90012	0.039
216	1090013	0.039
216	90018	0.018
216	1090018	0.009
216	1090017	0.007
217	90017	0.75
217	90013	0.133
217	90012	0.038
217	90016	0.034
217	1090013	0.02
217	1090018	0.011
217	90018	0.007
217	1090017	0.007
218	90017	0.733
218	90013	0.155
218	90016	0.059
218	90012	0.037
218	90018	0.016
219	90017	0.783
219	90013	0.165
219	90012	0.027
219	90010	0.014
219	90016	0.01
220	90017	0.712
220	90013	0.124
220	90010	0.074
220	90016	0.008
220	90012	0.007
221	90013	0.244
221	90012	0.154
221	90010	0.139
221	1090012	0.136
221	90017	0.129
221	90018	0.096
221	1090010	0.036
221	90016	0.028
221	1090018	0.027
221	1090013	0.012
222	90013	0.295
222	90012	0.199
222	90017	0.171
222	1090012	0.112
222	90018	0.089
222	90010	0.086
222	90016	0.027
222	1090010	0.011
222	1090018	0.01
223	90013	0.332
223	90012	0.221
223	90017	0.207
223	90018	0.088
223	1090012	0.084
223	90010	0.045
223	90016	0.024
224	90013	0.354
224	90012	0.263
224	90017	0.235
224	90018	0.063
224	1090012	0.038
224	90010	0.026
224	90016	0.021
225	90013	0.337
225	90012	0.284
225	90017	0.259
225	90016	0.055
225	90018	0.043
225	5050	0.023
226	90010	0.387
226	90017	0.316
226	90016	0.21
226	77210	0.047
226	77216	0.033
226	90013	0.006
227	90016	0.317
227	90017	0.273
227	90013	0.179
227	90010	0.129
227	1090016	0.047
227	77216	0.022
227	1090010	0.017
227	1077216	0.016
228	90016	0.592
228	90013	0.141
228	90017	0.096
228	90018	0.067
228	1090010	0.064
228	90010	0.041
229	90016	0.863
229	90010	0.089
229	1090016	0.013
229	90017	0.012
229	1090010	0.012
229	90013	0.01
230	90016	0.899
230	1090017	0.039
230	1090016	0.027
230	90010	0.018
230	90017	0.017
231	90010	0.554
231	1090010	0.166
231	90013	0.099
231	90016	0.056
231	90017	0.052
231	90018	0.052
231	1090012	0.022
232	90010	0.676
232	1090010	0.157
232	90017	0.066
232	90013	0.028
232	90012	0.028
232	90018	0.024
232	90016	0.015
232	5050	0.006
233	90010	0.633
233	90018	0.145
233	90017	0.124
233	1090010	0.072
233	90016	0.019
233	1090017	0.007
234	90010	0.359
234	90017	0.217
234	90018	0.192
234	1090010	0.106
234	90013	0.055
234	90016	0.023
234	1090016	0.014
234	77216	0.009
234	1090017	0.009
234	1090018	0.008
234	77210	0.007
235	90010	0.273
235	90017	0.235
235	90018	0.199
235	1090010	0.12
235	90013	0.063
235	1090017	0.027
235	1090016	0.021
235	90016	0.018
235	77216	0.016
235	108613	0.014
235	77210	0.014
236	90017	0.513
236	90013	0.134
236	90018	0.124
236	90012	0.076
236	90010	0.053
236	1090018	0.045
236	1090017	0.034
236	1090010	0.012
236	1090013	0.008
237	90017	0.497
237	90012	0.219
237	90013	0.165
237	90018	0.078
237	90010	0.022
237	1090017	0.012
237	1090018	0.007
238	90012	0.309
238	90017	0.307
238	90013	0.259
238	90010	0.057
238	90018	0.034
238	1090018	0.007
239	90017	0.375
239	90013	0.291
239	90012	0.158
239	90018	0.073
239	90010	0.055
239	108613	0.016
240	90017	0.425
240	90013	0.254
240	90018	0.094
240	108613	0.085
240	90010	0.079
240	90012	0.063
241	90017	0.366
241	90012	0.308
241	90018	0.072
241	90010	0.065
241	1090010	0.044
241	90013	0.039
241	1090009	0.039
241	1090017	0.034
241	1090012	0.022
241	90016	0.01
242	90017	0.518
242	90012	0.256
242	1090017	0.066
242	90010	0.06
242	1090009	0.054
242	1090013	0.022
242	90018	0.013
242	5050	0.006
242	1090010	0.005
243	90017	0.482
243	90012	0.123
243	90013	0.101
243	90010	0.088
243	90018	0.081
243	1090013	0.043
243	90016	0.027
243	5050	0.018
243	1090017	0.014
243	1090009	0.014
243	1090010	0.009
244	90017	0.315
244	90013	0.222
244	90018	0.178
244	90010	0.102
244	90016	0.071
244	90012	0.037
244	77213	0.035
244	1090017	0.024
244	5050	0.009
244	1090013	0.008
245	90017	0.264
245	90018	0.235
245	90013	0.161
245	90016	0.106
245	90010	0.1
245	77213	0.061
245	1090017	0.041
245	5050	0.016
245	90012	0.016
246	90017	0.433
246	90012	0.172
246	90010	0.07
246	1090012	0.068
246	90013	0.057
246	1090017	0.048
246	90018	0.045
246	1090013	0.036
246	1090018	0.031
246	1090010	0.022
246	5050	0.017
247	90017	0.487
247	90012	0.216
247	90013	0.106
247	1090012	0.056
247	90010	0.041
247	1090013	0.037
247	90018	0.02
247	1090018	0.012
247	1090010	0.01
247	5050	0.009
247	1090017	0.006
248	90017	0.391
248	90012	0.263
248	90013	0.144
248	90010	0.14
248	1090012	0.026
248	77210	0.014
248	1090010	0.013
248	1077210	0.01
249	90012	0.375
249	90017	0.227
249	90010	0.158
249	90013	0.138
249	77210	0.048
249	1090012	0.027
249	90016	0.021
249	1077210	0.005
250	90012	0.396
250	90010	0.188
250	90017	0.162
250	90013	0.123
250	77210	0.067
250	1090012	0.033
250	90016	0.032
251	90017	0.366
251	90013	0.232
251	90018	0.138
251	90016	0.06
251	1090010	0.029
251	90010	0.025
251	1090017	0.022
252	90017	0.457
252	90013	0.176
252	108613	0.061
252	90018	0.041
252	77217	0.021
252	90016	0.012
252	90012	0.005
253	90017	0.447
253	90013	0.132
253	108613	0.102
253	77217	0.027
253	90018	0.017
254	90017	0.352
254	90013	0.119
254	108613	0.081
254	90010	0.051
254	90018	0.039
254	108610	0.036
254	77217	0.025
254	1077217	0.006
255	90017	0.296
255	90010	0.121
255	90013	0.119
255	108610	0.114
255	90018	0.039
255	1077217	0.012
255	77217	0.006
256	90017	0.279
256	90013	0.187
256	90018	0.12
256	90010	0.095
256	90016	0.04
256	1090018	0.015
256	1090017	0.014
256	1090010	0.011
256	1090016	0.005
257	90013	0.317
257	90017	0.278
257	90018	0.057
257	90010	0.025
257	1090010	0.023
258	90017	0.318
258	90013	0.241
258	90018	0.061
258	90010	0.061
258	1090010	0.016
259	90017	0.268
259	90013	0.207
259	90016	0.082
259	90018	0.066
259	1090010	0.025
259	90010	0.011
259	5050	0.006
260	90017	0.213
260	90016	0.18
260	90013	0.179
260	90018	0.042
260	90010	0.026
261	90010	0.546
261	1090010	0.231
261	90012	0.058
261	90013	0.042
261	90018	0.032
261	90017	0.029
261	90016	0.021
261	1090012	0.016
261	5050	0.014
261	1090018	0.01
262	90010	0.581
262	1090010	0.232
262	90018	0.098
262	90017	0.075
262	90013	0.013
263	90010	0.577
263	1090010	0.197
263	90018	0.098
263	90017	0.095
263	90013	0.032
264	90010	0.549
264	1090010	0.19
264	90017	0.11
264	90018	0.088
264	90013	0.049
264	5050	0.014
265	90010	0.513
265	1090010	0.192
265	90017	0.111
265	90018	0.088
265	90013	0.07
265	5050	0.025
266	90012	0.26
266	90016	0.218
266	90017	0.156
266	90013	0.125
266	90010	0.082
266	90018	0.032
266	1090012	0.022
267	90017	0.31
267	90012	0.105
267	90018	0.105
267	90016	0.093
267	90013	0.092
267	90010	0.037
267	109918	0.009
268	90017	0.281
268	90010	0.223
268	90018	0.101
268	90016	0.084
268	109917	0.049
268	90013	0.036
268	1090010	0.035
268	1090017	0.017
268	109918	0.013
269	90017	0.278
269	90010	0.236
269	1090010	0.099
269	1090017	0.046
269	90018	0.017
269	1090018	0.007
270	90010	0.251
270	90017	0.244
270	1090010	0.076
270	1090018	0.035
270	109917	0.03
270	1090017	0.025
271	90016	0.508
271	90017	0.264
271	90010	0.129
271	1090010	0.062
271	90013	0.037
272	90016	0.657
272	90017	0.194
272	90013	0.1
272	90010	0.049
273	90016	0.797
273	90017	0.185
273	90013	0.018
274	90016	0.871
274	90017	0.129
275	90016	0.894
275	90017	0.106
276	90010	0.457
276	1090010	0.245
276	90016	0.117
276	1090013	0.074
276	90017	0.04
276	90013	0.026
276	5050	0.016
276	1090017	0.016
276	90018	0.009
277	90010	0.511
277	1090010	0.266
277	90016	0.076
277	1090013	0.054
277	90013	0.046
277	90017	0.025
277	90018	0.022
278	90010	0.546
278	1090010	0.256
278	90016	0.062
278	90013	0.061
278	1090013	0.035
278	90017	0.023
278	90018	0.017
279	90010	0.691
279	1090010	0.177
279	90013	0.034
279	90018	0.027
279	90016	0.021
279	90017	0.015
279	1090016	0.01
279	1090013	0.009
280	90010	0.8
280	1090010	0.08
280	90018	0.05
280	90017	0.021
280	90016	0.018
281	90016	0.382
281	90018	0.207
281	90010	0.139
281	90017	0.134
281	90012	0.047
281	1090010	0.043
281	1090016	0.022
281	1090012	0.015
281	1090018	0.012
282	90016	0.687
282	90018	0.09
282	1090016	0.062
282	90010	0.053
282	90017	0.05
282	90012	0.033
282	1090010	0.011
282	1090018	0.008
282	5050	0.007
283	90016	0.803
283	1090016	0.087
283	90010	0.043
283	90018	0.034
283	90012	0.01
283	90017	0.007
283	1090018	0.006
284	90016	0.783
284	1090016	0.096
284	90010	0.069
284	90018	0.041
284	1090018	0.01
286	90010	0.591
286	1090010	0.176
286	90018	0.083
286	90016	0.067
286	1090013	0.029
286	90012	0.02
286	1090012	0.015
286	1090018	0.014
286	5050	0.006
287	90010	0.728
287	1090010	0.169
287	90017	0.034
287	1090013	0.03
287	90018	0.027
287	90016	0.014
288	90010	0.824
288	1090010	0.079
288	90017	0.076
288	90018	0.011
288	5050	0.005
288	1090013	0.005
289	90010	0.866
289	90017	0.077
289	1090010	0.029
289	90013	0.016
289	5050	0.012
290	90010	0.876
290	90017	0.074
290	90013	0.025
290	5050	0.01
290	1090010	0.009
290	90016	0.005
291	90016	0.375
291	1090010	0.237
291	90010	0.164
291	90017	0.1
291	1090016	0.064
291	90013	0.059
293	90016	0.71
293	1090010	0.111
293	90010	0.081
293	1090016	0.074
293	90018	0.023
294	90016	0.724
294	90010	0.174
294	1090016	0.034
295	90016	0.611
295	90010	0.13
295	90018	0.009
296	90010	0.415
296	90013	0.363
296	1090010	0.222
297	1090010	0.495
297	90013	0.226
297	90016	0.165
297	90010	0.059
297	1090013	0.035
297	1090018	0.021
298	90010	0.604
298	90016	0.124
298	90018	0.063
298	90013	0.03
298	1090010	0.03
299	90010	0.568
299	90016	0.037
300	90010	0.72
301	90010	0.502
301	1090010	0.189
301	90013	0.155
301	90016	0.12
301	90017	0.035
302	90010	0.705
302	90013	0.128
302	90016	0.078
302	1090010	0.063
302	1090013	0.01
302	90017	0.008
302	5050	0.007
303	90010	0.871
303	90013	0.06
303	90016	0.041
303	90017	0.022
303	5050	0.005
304	90010	0.78
304	90016	0.1
304	90017	0.078
304	77210	0.028
304	90018	0.014
305	90010	0.414
305	90017	0.37
305	90016	0.091
305	77210	0.089
305	90018	0.036
306	90016	0.485
306	1090016	0.163
306	90010	0.158
306	1090010	0.08
306	90018	0.074
306	77216	0.041
307	90016	0.512
307	1090016	0.233
307	90010	0.153
307	90018	0.102
308	90016	0.504
308	1090016	0.317
308	90010	0.108
308	90018	0.071
309	90016	0.423
309	90010	0.158
309	1090016	0.143
309	90018	0.115
310	90016	0.349
310	90010	0.228
310	90018	0.194
310	1090016	0.057
310	1090010	0.049
311	77210	0.671
311	77217	0.089
311	1090010	0.056
311	90010	0.048
311	77213	0.038
311	1077210	0.037
311	76718	0.019
311	76710	0.013
311	90017	0.011
311	77221	0.01
311	77216	0.008
312	77210	0.675
312	77217	0.083
312	1077210	0.052
312	77213	0.051
312	90010	0.042
312	1090010	0.04
312	76710	0.024
312	76718	0.017
312	90017	0.012
312	77218	0.005
313	77210	0.65
313	77213	0.086
313	1090010	0.066
313	77217	0.065
313	1077210	0.033
313	77216	0.028
313	76710	0.016
313	77218	0.016
313	76716	0.014
313	76718	0.009
313	90010	0.006
313	76713	0.006
313	1090016	0.005
314	77210	0.555
314	77213	0.107
314	77217	0.097
314	77216	0.07
314	1090010	0.068
314	77218	0.036
314	76716	0.027
314	76718	0.012
314	76713	0.009
314	1090016	0.009
314	76710	0.008
315	77210	0.54
315	77213	0.109
315	77217	0.096
315	77216	0.072
315	1090010	0.068
315	77218	0.044
315	76716	0.029
315	76718	0.012
315	76713	0.011
315	76710	0.01
315	1090016	0.009
316	90016	0.296
316	77216	0.2
316	90017	0.187
316	90010	0.176
316	90018	0.06
316	1090010	0.058
316	1090016	0.022
317	90016	0.622
317	90017	0.172
317	1090016	0.086
317	77216	0.068
317	90010	0.053
318	90016	0.928
318	90017	0.026
318	1090016	0.019
318	1090010	0.014
318	90010	0.013
319	90016	0.87
319	1090016	0.089
319	1090010	0.023
319	90010	0.018
320	90016	0.775
320	1090016	0.185
320	90010	0.033
320	1090010	0.006
321	90018	0.736
321	109912	0.137
321	90016	0.056
321	1090018	0.042
321	109918	0.029
322	90018	0.755
322	109918	0.155
322	90016	0.073
322	90010	0.018
323	90018	0.84
323	90016	0.121
323	109918	0.025
323	1090018	0.015
324	90018	0.569
324	1090018	0.192
324	90016	0.184
324	90010	0.054
325	90018	0.431
325	1090018	0.335
325	90016	0.167
325	90010	0.067
326	90012	0.393
326	1090018	0.196
326	1090010	0.124
326	1090012	0.097
326	90018	0.094
326	90010	0.062
326	90016	0.034
327	90012	0.486
327	90018	0.426
327	1090018	0.081
327	1090012	0.006
328	90018	0.921
328	90012	0.079
329	90018	0.993
329	90016	0.007
330	90018	0.923
330	90016	0.077
331	90018	0.474
331	109918	0.172
331	90010	0.097
331	90012	0.076
331	1090018	0.061
331	90017	0.04
331	5050	0.023
331	1090010	0.017
331	77218	0.015
331	77210	0.012
331	90016	0.009
331	1077210	0.006
332	90018	0.706
332	109918	0.097
332	1090018	0.048
332	90016	0.046
332	90012	0.037
332	5050	0.026
332	90017	0.026
332	90010	0.013
333	90018	0.748
333	1090018	0.067
333	90010	0.05
333	109918	0.046
333	90016	0.033
333	90012	0.028
333	90017	0.021
333	1090012	0.006
334	90018	0.499
334	90010	0.222
334	90017	0.114
334	90016	0.083
334	1090018	0.027
334	1090010	0.024
334	77218	0.013
334	90012	0.012
334	1090012	0.006
335	90010	0.407
335	90018	0.263
335	90017	0.151
335	90016	0.078
335	77218	0.06
335	1090018	0.041
336	90018	0.666
336	1090018	0.095
336	90017	0.092
336	1090010	0.064
336	90016	0.059
336	90010	0.023
337	90018	0.891
337	90016	0.043
337	90017	0.035
337	90010	0.017
337	1090018	0.014
338	90018	0.792
338	90016	0.08
338	90017	0.066
338	90010	0.062
339	90018	0.748
339	90017	0.118
339	90010	0.088
339	90016	0.046
340	90018	0.736
340	90010	0.133
340	90017	0.11
340	90016	0.021
341	1090010	0.884
341	1090013	0.06
341	90010	0.056
342	1090013	1
343	1090013	1
344	1090013	0.538
344	90013	0.462
345	90013	0.922
345	1090013	0.078
346	1077210	0.257
346	1090010	0.254
346	77210	0.172
346	90010	0.164
346	129118	0.118
346	129110	0.025
346	90016	0.011
347	1090010	0.337
347	77210	0.187
347	1077210	0.187
347	129110	0.102
347	77213	0.056
347	90010	0.055
347	129118	0.041
347	1090009	0.036
348	1090010	0.304
348	77210	0.236
348	77213	0.124
348	1077210	0.082
348	129118	0.08
348	129110	0.06
348	90010	0.055
348	1090009	0.044
348	1090013	0.015
349	77210	0.281
349	1090010	0.255
349	77213	0.208
349	129118	0.115
349	90010	0.063
349	1090013	0.027
349	1090009	0.023
349	129110	0.007
350	77210	0.27
350	1090010	0.245
350	77213	0.221
350	129118	0.076
350	90010	0.059
350	1090013	0.033
350	77217	0.029
350	129110	0.006
351	90010	0.557
351	1090012	0.15
351	109918	0.143
351	1109912	0.135
351	1090010	0.015
352	90010	0.622
352	109910	0.101
352	90017	0.084
352	1090010	0.058
352	90012	0.054
352	1090012	0.054
352	109918	0.027
353	90010	0.661
353	90017	0.197
353	1090018	0.11
353	1090010	0.025
353	109910	0.007
354	90010	0.654
354	90017	0.187
354	90018	0.068
354	1090010	0.066
354	1090018	0.016
354	5050	0.009
355	90010	0.638
355	90018	0.238
355	90017	0.125
356	77210	0.469
356	76710	0.243
356	129118	0.108
356	1090010	0.076
356	90010	0.036
356	77216	0.01
356	77213	0.007
357	77210	0.401
357	76710	0.296
357	1090010	0.111
357	129110	0.082
357	77216	0.036
357	129118	0.024
357	1077213	0.022
357	77213	0.021
357	129103	0.006
358	76710	0.332
358	77210	0.317
358	1090010	0.111
358	129110	0.104
358	77213	0.045
358	77216	0.031
358	1077213	0.022
358	1077210	0.016
358	90016	0.015
358	129103	0.007
359	77210	0.364
359	76710	0.321
359	129110	0.108
359	1090010	0.097
359	90016	0.036
359	77216	0.026
359	77213	0.02
359	76717	0.014
359	1090013	0.014
360	77210	0.36
360	76710	0.305
360	129110	0.09
360	1090010	0.081
360	90016	0.059
360	76717	0.03
360	1090013	0.026
360	129112	0.021
360	77216	0.02
360	77213	0.007
361	90010	0.303
361	90012	0.272
361	1109912	0.245
361	1090010	0.175
361	109912	0.005
362	90010	0.344
362	90012	0.212
362	1090010	0.196
362	109912	0.124
362	1109912	0.058
362	109910	0.055
363	90010	0.828
363	1090010	0.097
363	109910	0.031
363	1077210	0.027
363	77210	0.017
364	90010	0.91
364	77210	0.09
365	90010	0.837
365	1090010	0.13
365	77210	0.033
366	77210	0.59
366	77217	0.124
366	1090010	0.074
366	76710	0.034
366	90010	0.033
366	77216	0.033
366	77218	0.029
366	77213	0.025
366	129110	0.022
366	129118	0.01
366	1077210	0.007
367	77210	0.576
367	77217	0.092
367	76710	0.033
367	1090010	0.032
367	77216	0.03
367	90010	0.028
367	129110	0.026
367	77213	0.022
367	1077210	0.013
367	77218	0.008
367	90016	0.008
367	129118	0.008
368	77210	0.593
368	77213	0.036
368	77217	0.035
368	76710	0.034
368	1077210	0.031
368	129110	0.019
368	77216	0.015
368	129118	0.012
368	1090010	0.012
369	77210	0.59
369	77217	0.044
369	77213	0.033
369	76710	0.033
369	1077210	0.024
369	129110	0.009
369	1090010	0.007
369	129118	0.005
370	77210	0.574
370	77217	0.061
370	76710	0.033
370	129118	0.022
370	77213	0.021
370	1077213	0.012
370	1077210	0.01
370	1090010	0.006
371	77210	0.603
371	77213	0.192
371	77217	0.051
371	1090010	0.046
371	76710	0.032
371	109910	0.025
371	1077210	0.019
371	77216	0.011
371	76713	0.011
371	109916	0.009
372	77210	0.722
372	77213	0.108
372	1090010	0.045
372	77217	0.036
372	109910	0.035
372	76710	0.032
372	1077210	0.015
372	90018	0.008
373	77210	0.716
373	77213	0.084
373	109910	0.035
373	77217	0.031
373	90010	0.023
373	77218	0.021
373	90018	0.018
373	76710	0.018
373	76717	0.017
373	1077210	0.015
373	1090010	0.007
374	77210	0.697
374	77213	0.069
374	77218	0.06
374	109910	0.034
374	77217	0.034
374	76717	0.029
374	1077210	0.02
374	90018	0.015
374	77216	0.007
375	77210	0.56
375	77218	0.067
375	77213	0.053
375	77216	0.051
375	77217	0.05
375	109910	0.034
375	76717	0.031
375	1077213	0.011
375	1077210	0.01
375	90018	0.008
376	77210	0.615
376	77217	0.114
376	1090010	0.079
376	76710	0.077
376	1077210	0.05
376	77213	0.049
376	1077213	0.009
376	76709	0.006
377	77210	0.614
377	77213	0.092
377	77217	0.081
377	76710	0.057
377	1090010	0.038
377	90010	0.031
377	76717	0.027
377	1077210	0.023
377	1077213	0.019
377	90016	0.012
378	77210	0.544
378	77217	0.172
378	76717	0.084
378	90016	0.034
378	90010	0.033
378	1090010	0.029
378	77216	0.024
378	1077210	0.015
378	77213	0.01
379	77210	0.391
379	77217	0.247
379	76717	0.07
379	77216	0.047
379	1090010	0.018
379	76718	0.013
379	90010	0.006
380	77210	0.309
380	77217	0.148
380	76718	0.062
380	77216	0.057
380	1077210	0.022
380	76717	0.021
380	76710	0.01
381	77210	0.411
381	129110	0.112
381	77213	0.095
381	77217	0.094
381	120310	0.076
381	77216	0.057
381	129118	0.042
381	1090010	0.038
381	1077210	0.026
381	109910	0.017
381	90010	0.015
381	90018	0.009
381	90013	0.008
382	77210	0.471
382	129110	0.106
382	77217	0.09
382	1077210	0.068
382	77213	0.063
382	120310	0.061
382	109910	0.059
382	129118	0.04
382	120318	0.012
382	90018	0.01
382	90013	0.007
382	1090010	0.006
382	77218	0.006
383	77210	0.486
383	129110	0.103
383	77217	0.088
383	120310	0.066
383	77213	0.061
383	109910	0.06
383	1077210	0.057
383	129118	0.041
383	90018	0.011
383	1090010	0.008
383	120318	0.008
383	90013	0.006
383	77218	0.006
384	77210	0.535
384	129110	0.114
384	77217	0.101
384	120310	0.063
384	109910	0.056
384	77213	0.053
384	129118	0.033
384	90018	0.012
384	1077210	0.011
384	120318	0.01
384	1090018	0.006
384	90013	0.005
385	77210	0.503
385	129110	0.089
385	77217	0.072
385	120310	0.065
385	109918	0.055
385	129118	0.051
385	77218	0.05
385	77213	0.025
385	77216	0.024
385	1077210	0.017
385	90018	0.016
385	109910	0.013
385	120318	0.008
385	1090018	0.005
386	77210	0.313
386	76710	0.125
386	77213	0.062
386	77218	0.042
387	77210	0.159
387	76717	0.073
387	77213	0.054
387	76710	0.052
387	77218	0.033
388	76717	0.126
389	76710	0.088
389	76716	0.047
389	76717	0.046
389	76718	0.032
390	76716	0.125
390	76710	0.125
391	77210	0.631
391	77213	0.369
392	77210	0.526
392	77213	0.309
392	1077210	0.016
393	77210	0.598
393	1077210	0.02
394	77210	0.354
394	1077210	0.118
394	76710	0.014
395	77210	0.138
395	76710	0.075
396	77216	0.384
396	109918	0.264
396	77218	0.098
396	77210	0.098
396	76718	0.065
396	77213	0.039
396	1106910	0.019
396	1090013	0.016
396	1077213	0.009
396	90018	0.008
397	77216	0.49
397	109918	0.233
397	77210	0.056
397	77218	0.036
397	77213	0.036
397	76718	0.034
397	76716	0.031
397	109916	0.017
397	1090013	0.016
397	106910	0.012
397	5050	0.01
397	1077213	0.008
397	1106910	0.007
397	90018	0.006
398	77216	0.561
398	109918	0.122
398	109916	0.066
398	76716	0.058
398	77210	0.048
398	5050	0.046
398	1109916	0.027
398	77213	0.022
398	1090013	0.014
398	1077213	0.007
398	76718	0.007
398	1106910	0.005
399	77216	0.6
399	109916	0.091
399	1109916	0.073
399	76716	0.066
399	109918	0.063
399	5050	0.027
399	77210	0.018
399	77218	0.015
399	1090013	0.013
399	1109918	0.012
400	77216	0.522
400	1109916	0.147
400	109916	0.133
400	77218	0.09
400	76716	0.065
400	106916	0.009
400	1090013	0.005
400	109918	0.005
401	76718	0.153
401	77216	0.106
401	1109912	0.098
401	109918	0.094
401	129118	0.09
401	76716	0.072
401	129103	0.064
401	120318	0.055
401	1129118	0.047
401	120317	0.046
401	116518	0.045
401	120303	0.037
401	116512	0.027
401	5050	0.019
401	109912	0.015
401	1129103	0.014
401	1106903	0.011
401	77218	0.007
402	76718	0.148
402	129118	0.121
402	120318	0.11
402	109918	0.079
402	116518	0.072
402	109912	0.065
402	76716	0.062
402	77216	0.055
402	77218	0.051
402	120303	0.048
402	129103	0.048
402	120317	0.035
402	1109912	0.033
402	5050	0.027
402	1129118	0.022
402	116512	0.011
402	1120303	0.007
403	76718	0.161
403	120318	0.13
403	129118	0.126
403	77218	0.099
403	109918	0.095
403	116518	0.064
403	120303	0.051
403	129103	0.051
403	109912	0.046
403	76716	0.044
403	120317	0.036
403	116512	0.014
403	5050	0.007
403	129113	0.007
403	1120303	0.006
403	106918	0.005
404	76718	0.175
404	129118	0.151
404	120318	0.126
404	77218	0.104
404	109918	0.092
404	129103	0.053
404	116518	0.042
404	120317	0.039
404	120303	0.038
404	76716	0.035
404	116512	0.019
404	109912	0.017
404	5050	0.013
404	1120303	0.008
405	129118	0.203
405	76718	0.131
405	109918	0.121
405	77218	0.109
405	120318	0.098
405	90018	0.06
405	120317	0.051
405	116518	0.041
405	116512	0.03
405	120303	0.029
405	76716	0.02
405	109917	0.012
405	76710	0.01
405	129110	0.009
406	76718	0.478
406	77216	0.177
406	77217	0.071
406	120318	0.064
406	129113	0.06
406	77218	0.038
406	120312	0.036
406	120303	0.029
406	129103	0.01
406	1120318	0.008
406	120309	0.006
407	76718	0.355
407	77218	0.245
407	120318	0.104
407	129118	0.054
407	77216	0.034
407	129113	0.031
407	77217	0.02
407	129112	0.011
407	120312	0.01
408	77218	0.345
408	76718	0.204
408	129118	0.103
408	120318	0.071
408	76710	0.027
408	120303	0.023
408	120312	0.008
409	77218	0.351
409	129118	0.092
409	76718	0.09
409	76710	0.073
409	120318	0.065
409	120312	0.019
409	120303	0.014
409	129112	0.013
410	77218	0.261
410	129112	0.088
410	76718	0.08
410	76710	0.066
410	120318	0.062
410	129118	0.048
410	120317	0.01
411	76716	0.218
411	77216	0.215
411	77210	0.156
411	109918	0.092
411	109916	0.066
411	76718	0.052
411	90010	0.043
411	84616	0.036
411	1090010	0.03
411	84618	0.026
411	1077210	0.018
411	5050	0.017
411	1109916	0.015
411	90016	0.011
412	77216	0.381
412	76718	0.252
412	1109916	0.127
412	84618	0.124
412	109916	0.117
413	77216	0.377
413	76718	0.223
413	1109916	0.126
413	84618	0.124
413	109916	0.116
413	109917	0.007
414	77216	0.375
414	1109916	0.125
414	84618	0.119
414	76718	0.11
414	109916	0.108
414	109917	0.017
415	77216	0.376
415	109916	0.182
415	1109916	0.035
415	84618	0.033
415	106916	0.025
415	109917	0.009
416	77216	0.532
416	109916	0.101
416	76716	0.074
416	127021	0.055
416	76718	0.051
416	77218	0.041
416	120316	0.039
416	77210	0.039
416	109918	0.024
416	120321	0.02
416	84618	0.013
416	129121	0.011
417	77216	0.606
417	109916	0.125
417	76716	0.102
417	120316	0.066
417	127021	0.051
417	76718	0.024
417	77218	0.015
417	129121	0.006
418	77216	0.576
418	76716	0.109
418	109916	0.101
418	120316	0.087
418	127021	0.037
418	109918	0.025
418	76718	0.017
419	77216	0.389
419	76716	0.112
419	90016	0.101
419	120316	0.079
419	109916	0.078
419	109918	0.048
419	127021	0.043
419	90018	0.02
419	76718	0.014
420	77216	0.154
420	90018	0.151
420	76716	0.106
420	90016	0.105
420	120316	0.079
420	109916	0.067
420	109918	0.051
420	127021	0.045
420	76718	0.019
420	77218	0.008
420	106918	0.007
421	77218	0.43
421	77216	0.403
421	76717	0.167
422	77218	0.724
422	76718	0.131
422	77216	0.087
422	76717	0.035
423	77218	0.544
423	76718	0.167
424	77218	0.327
424	76718	0.16
424	77221	0.098
424	76716	0.007
425	77218	0.177
425	76718	0.167
425	77221	0.072
426	84618	0.5
426	77218	0.25
426	109912	0.173
426	109918	0.076
427	84618	0.483
427	109918	0.249
427	77218	0.22
428	84618	0.249
428	109918	0.172
428	77218	0.088
428	90018	0.078
429	90018	0.231
429	109918	0.019
430	90018	0.25
431	120316	0.266
431	109918	0.169
431	109916	0.146
431	90018	0.114
431	77210	0.088
431	77216	0.079
431	5050	0.045
431	120310	0.03
431	109910	0.029
431	120321	0.017
432	120316	0.304
432	109916	0.239
432	77216	0.167
432	109918	0.165
432	109910	0.051
432	5050	0.045
432	120310	0.015
433	120316	0.268
433	109916	0.194
433	77216	0.167
433	1109916	0.106
433	109910	0.081
433	120318	0.063
433	1109918	0.057
433	109918	0.043
433	106916	0.013
433	5050	0.007
434	120316	0.187
434	109916	0.171
434	77216	0.167
434	120318	0.147
434	106916	0.097
434	1109916	0.09
434	106918	0.073
434	109910	0.031
434	109918	0.019
434	1109918	0.018
435	109916	0.198
435	120316	0.175
435	77216	0.167
435	120318	0.159
435	106916	0.143
435	106918	0.135
435	109918	0.016
435	109917	0.007
436	77213	0.334
436	77210	0.334
436	90010	0.333
437	77213	0.333
437	1090016	0.176
437	77216	0.169
437	77210	0.165
437	90010	0.104
437	90016	0.053
438	77216	0.579
438	1090016	0.333
438	77213	0.088
439	77216	0.667
439	1090016	0.333
440	77216	0.561
440	1090016	0.293
440	77218	0.106
440	1090010	0.04
441	1090009	0.203
441	1120303	0.176
441	90009	0.156
441	120303	0.145
441	90010	0.092
441	90013	0.09
441	1090013	0.082
441	116503	0.036
441	1090010	0.019
442	1090013	0.483
442	120303	0.26
442	116503	0.189
442	1090009	0.058
442	1120303	0.01
443	1090013	0.476
443	120303	0.251
443	116503	0.247
443	90013	0.026
444	77213	0.278
444	116503	0.229
444	120303	0.195
444	1090013	0.138
444	90013	0.098
444	120313	0.045
444	120318	0.017
445	77213	0.558
445	120318	0.182
445	120313	0.108
445	116503	0.102
445	77217	0.031
445	116518	0.019
446	90010	0.537
446	90016	0.288
446	90013	0.143
446	90018	0.02
446	1090016	0.012
447	90010	0.384
447	90013	0.143
447	90018	0.141
447	90017	0.122
447	90016	0.107
447	1090016	0.103
448	90010	0.42
448	90018	0.143
448	90013	0.143
448	90017	0.119
448	90016	0.089
448	1090016	0.086
449	90010	0.552
449	90017	0.151
449	90013	0.111
449	90016	0.097
449	90018	0.089
450	90010	0.391
450	90017	0.369
450	1090010	0.107
450	90018	0.072
451	90016	0.484
451	90018	0.311
451	90012	0.125
451	5050	0.08
452	90016	0.613
452	90018	0.148
452	90012	0.102
452	90010	0.077
452	5050	0.059
453	90016	0.8
453	90018	0.086
453	90010	0.085
453	5050	0.022
453	1090016	0.007
454	90016	0.896
454	1090016	0.074
454	90018	0.019
454	5050	0.011
455	90016	0.776
455	90018	0.116
455	1090016	0.108
456	90012	0.863
456	90017	0.113
456	5050	0.015
456	90016	0.009
457	90012	0.705
457	90017	0.144
457	90016	0.071
457	5050	0.068
457	90010	0.011
458	90012	0.451
458	90017	0.256
458	5050	0.115
458	90016	0.076
458	90010	0.063
458	90013	0.027
458	90018	0.012
459	90016	0.452
459	90013	0.316
459	1090010	0.089
459	90012	0.051
459	90010	0.041
459	5050	0.027
459	90017	0.017
459	90018	0.006
460	90016	0.496
460	90013	0.334
460	1090010	0.087
460	90010	0.067
460	90018	0.017
461	90012	0.5
461	90018	0.208
461	109918	0.162
461	5050	0.088
461	90016	0.023
461	90010	0.019
462	90012	0.501
462	90018	0.235
462	109918	0.199
462	5050	0.032
462	109910	0.02
462	90010	0.013
463	90018	0.545
463	90012	0.206
463	109918	0.141
463	90010	0.061
463	5050	0.026
463	109910	0.021
464	90018	0.611
464	90010	0.389
465	90018	0.59
465	90010	0.35
465	1090010	0.06
466	90012	1
467	90012	0.879
467	5050	0.121
468	90012	0.558
468	5050	0.442
469	90012	0.499
469	90018	0.383
469	5050	0.118
470	90016	0.371
470	90012	0.324
470	90010	0.155
470	90018	0.129
470	5050	0.021
471	90010	0.514
471	5050	0.391
471	90018	0.095
472	90010	0.875
472	5050	0.125
473	90010	0.505
473	5050	0.495
474	90010	0.54
474	5050	0.314
474	90016	0.146
475	90016	0.994
475	90010	0.006
476	90016	0.531
476	5050	0.469
477	90016	0.743
477	5050	0.257
478	90016	0.808
478	5050	0.192
479	90016	0.927
479	5050	0.073
480	90016	0.93
480	5050	0.07
481	90010	0.359
481	5050	0.345
481	90016	0.296
482	90016	0.795
482	5050	0.205
483	90016	0.848
483	5050	0.152
484	90016	0.937
484	5050	0.063
485	90016	1
486	109918	0.893
486	5050	0.107
487	109918	0.857
487	5050	0.143
488	109918	0.833
488	5050	0.167
489	109918	0.833
489	5050	0.167
490	109918	0.713
490	5050	0.268
490	90018	0.019
491	5050	0.809
491	109918	0.191
492	109918	0.542
492	5050	0.458
493	109918	0.471
493	5050	0.455
493	109910	0.074
494	90010	0.38
494	90018	0.301
494	1090010	0.117
494	5050	0.069
494	90016	0.059
494	1090018	0.045
494	109910	0.017
494	109918	0.012
495	90018	0.86
495	90016	0.14
496	106917	0.5
496	109918	0.357
496	1109918	0.083
496	109917	0.059
497	106917	0.784
497	106918	0.065
497	106912	0.062
497	109917	0.047
497	109918	0.042
498	106917	0.57
498	106912	0.205
498	106918	0.179
498	106916	0.025
498	106903	0.021
499	106918	0.262
499	106912	0.245
499	109918	0.156
499	109916	0.108
499	106916	0.084
499	106903	0.081
499	106917	0.025
499	108612	0.024
499	1106917	0.008
499	1106903	0.007
500	109916	0.39
500	108612	0.224
500	106918	0.189
500	109918	0.11
500	106912	0.087
501	116518	0.488
501	1116503	0.412
501	1116518	0.088
501	116512	0.012
502	116518	0.501
502	116516	0.21
502	1116518	0.105
502	1116516	0.08
502	106916	0.05
502	1116503	0.036
502	106918	0.012
502	116512	0.008
503	116518	0.328
503	106916	0.312
503	106918	0.272
503	116516	0.087
504	106916	0.566
504	106918	0.37
504	116518	0.052
504	116516	0.012
505	106916	0.868
505	106912	0.056
505	106918	0.049
505	106903	0.027
506	109912	0.333
506	109918	0.282
506	109910	0.218
506	90017	0.131
506	90018	0.036
507	90018	0.554
507	109910	0.157
507	90010	0.137
507	90013	0.059
507	109912	0.056
507	109918	0.038
508	90018	0.884
508	90010	0.088
508	90013	0.029
509	90018	0.908
509	90013	0.081
509	90010	0.01
510	90018	0.72
510	90010	0.204
510	90016	0.042
510	90013	0.034
511	1090010	0.673
511	90018	0.183
511	90010	0.055
511	90017	0.039
511	1090018	0.037
511	5050	0.013
512	90018	0.353
512	5050	0.305
512	90010	0.197
512	90017	0.144
513	90010	0.534
513	5050	0.457
513	90017	0.008
514	90010	0.521
514	90017	0.32
514	5050	0.159
515	90010	0.62
515	90017	0.38
516	5050	0.492
516	1090010	0.207
516	90017	0.206
516	90012	0.049
516	90010	0.031
516	1090018	0.015
517	5050	0.47
517	90017	0.257
517	90016	0.184
517	90012	0.089
519	90016	0.5
519	90017	0.297
519	5050	0.203
520	90016	0.5
520	90017	0.495
520	5050	0.005
521	90018	0.707
521	5050	0.175
521	90010	0.118
522	90018	0.934
522	5050	0.066
523	90018	0.931
523	5050	0.069
524	90018	0.85
524	5050	0.15
525	90018	0.915
525	5050	0.085
526	90012	0.786
526	5050	0.194
526	1090012	0.02
527	90012	0.917
527	5050	0.083
528	90012	0.723
528	5050	0.277
529	90012	0.749
529	5050	0.251
530	90012	0.761
530	5050	0.239
531	90010	0.692
531	5050	0.175
531	90012	0.133
532	90010	0.757
532	5050	0.243
533	90010	0.607
533	5050	0.393
534	90010	0.77
534	5050	0.23
535	90010	0.885
535	5050	0.115
536	90010	0.438
536	90012	0.289
536	5050	0.272
537	90010	0.684
537	5050	0.258
537	90012	0.058
538	90010	0.483
538	5050	0.389
538	90012	0.083
538	1090012	0.046
539	90010	0.599
539	5050	0.275
539	1090012	0.087
539	90012	0.039
540	90010	0.56
540	5050	0.255
540	1090010	0.178
540	1090012	0.008
541	90012	0.57
541	5050	0.247
541	90010	0.183
542	90010	0.538
542	5050	0.173
542	1090010	0.15
542	90012	0.138
543	1090010	0.592
543	5050	0.189
543	90010	0.141
543	1090012	0.072
543	90012	0.007
544	1090010	0.549
544	90010	0.451
545	90010	0.512
545	1090010	0.402
545	5050	0.01
546	5050	0.686
546	90012	0.314
547	90012	0.543
547	5050	0.457
548	5050	0.488
548	90012	0.445
548	90016	0.067
549	90016	0.699
549	90012	0.196
549	5050	0.104
550	90016	0.846
550	5050	0.087
550	90012	0.067
551	106903	0.514
551	1116503	0.224
551	116503	0.157
551	1116509	0.067
551	1106903	0.024
551	106918	0.013
552	106903	0.471
552	106918	0.456
552	106917	0.073
553	106918	0.395
553	106903	0.343
553	106917	0.216
553	1106903	0.046
554	106917	0.769
554	106903	0.131
554	106918	0.099
555	106917	1
556	120318	1
558	120318	0.389
558	120316	0.345
558	120303	0.195
558	120310	0.071
559	120316	0.45
559	1120316	0.251
559	1120317	0.183
559	120303	0.07
559	120317	0.037
559	1120303	0.009
560	120317	0.858
560	120303	0.142
