Specification of terrain components							
TC-ID	fraction	slope[%]	position[-]	beta_fac	sdr_tc	f_diff2conc	f_conc2diff
1	0.41	4.88	5	1	1	0.164420096	0.85648352
2	0.22	17.09	4	1	1	0.187033657	0.87464881
3	0.06	41.63	3	1	1	0.466887458	0.681524007
4	0.26	31.2	2	1	1	0.179376695	0.886600789
5	0.05	46.81	1	1	1	0.535943018	0.618653074
6	0.19	6.7	5	1	1	0.22533298	0.83514973
7	0.42	12.74	4	1	1	0.136785378	0.876020244
8	0.08	18.04	3	1	1	0.340093641	0.781483676
9	0.3	13.23	2	1	1	0.141816217	0.898583532
10	0.01	6.98	1	1	1	0.826837627	0.281131946
11	0.19	11.25	5	1	1	0.220354471	0.832428607
12	0.24	22.34	4	1	1	0.167724993	0.86587154
13	0.18	27.81	3	1	1	0.192342651	0.882524578
14	0.16	33.6	2	1	1	0.232209043	0.86061059
15	0.23	27.13	1	1	1	0.181286486	0.891180728
16	0.07	12.8	5	1	1	0.26152644	0.828971705
17	0.04	21.63	4	1	1	0.353728116	0.766253435
18	0.42	16.23	3	1	1	0.100185778	0.903326226
19	0.04	21.39	2	1	1	0.381204989	0.753500051
20	0.43	11.66	1	1	1	0.090132606	0.926543328
21	0.23	8.78	5	1	1	0.140163496	0.878774528
22	0.26	14.41	4	1	1	0.112546408	0.903145825
23	0.38	18.03	3	1	1	0.095916823	0.917167879
24	0.06	22.77	2	1	1	0.309181216	0.802171354
25	0.07	16.05	1	1	1	0.27752265	0.831205679
26	0.47	3.8	5	1	1	0.159315533	0.863989572
27	0.22	9.67	4	1	1	0.185532863	0.870813113
28	0.14	15.97	3	1	1	0.2491911	0.846694357
29	0.1	20.52	2	1	1	0.325308128	0.798812446
30	0.07	19.95	1	1	1	0.415635607	0.729393416
31	0.15	11.65	5	1	1	0.250931779	0.77256017
32	0.38	16.55	4	1	1	0.137976339	0.87546541
33	0.36	10.69	3	1	1	0.12932666	0.900267106
34	0.08	16.02	2	1	1	0.371825112	0.765428502
35	0.03	2.65	1	1	1	0.61499941	0.549166653
36	0.21	7.78	5	1	1	0.15741413	0.865160168
37	0.2	15.74	4	1	1	0.128001144	0.893231353
38	0.26	21.06	3	1	1	0.112395528	0.905668046
39	0.06	7.22	2	1	1	0.303771682	0.805348557
40	0.27	17.44	1	1	1	0.107654012	0.916696032
41	0.05	3.79	5	1	1	0.232102587	0.841496392
42	0.1	10.69	4	1	1	0.150590337	0.879113297
43	0.62	14.03	3	1	1	0.084782127	0.913505755
44	0.18	17.92	2	1	1	0.10861089	0.920829157
45	0.05	18.16	1	1	1	0.285293685	0.819485194
46	0.23	9.3	5	1	1	0.115705258	0.892383069
47	0.22	15.38	4	1	1	0.102445231	0.905100564
48	0.04	8.57	3	1	1	0.292048769	0.817033153
49	0.36	15.69	2	1	1	0.078368531	0.927526197
50	0.15	18.59	1	1	1	0.122892045	0.920311075
51	0.35	4.75	5	1	1	0.122107587	0.889053417
52	0.08	13.93	4	1	1	0.202320398	0.873573716
53	0.22	8.02	3	1	1	0.115399735	0.913699517
54	0.18	15.81	2	1	1	0.132839741	0.907055133
55	0.17	22.88	1	1	1	0.142624154	0.912628174
56	0.21	10.63	5	1	1	0.11739275	0.888342987
57	0.1	5.94	4	1	1	0.13547913	0.896955411
58	0.38	14.33	3	1	1	0.082216108	0.918787325
59	0.08	9.04	2	1	1	0.174907164	0.895658487
60	0.23	16.3	1	1	1	0.091208962	0.929516301
61	0.27	0.86	5	1	1	0.132210857	0.888052736
62	0.16	6.68	4	1	1	0.145856215	0.8875171
63	0.22	14.41	3	1	1	0.122972773	0.898954948
64	0.18	20.65	2	1	1	0.133993895	0.906842389
65	0.17	27.28	1	1	1	0.141422745	0.910801695
66	0.072916667	7.26	5	1	1	0.263716883	0.825864215
67	0.125	20.33	4	1	1	0.173894031	0.867741118
68	0.1875	26.53	3	1	1	0.126112277	0.90164593
70	0.614583333	31.28	1	1	1	0.082118769	0.927905929
71	0.09	1.67	5	1	1	0.165041714	0.879072201
72	0.52	5.46	4	1	1	0.093894904	0.915674055
73	0.08	13.93	3	1	1	0.192363266	0.890123341
74	0.26	8.71	2	1	1	0.09006276	0.928968928
75	0.05	12.52	1	1	1	0.255477322	0.839589616
76	0.45	4.22	5	1	1	0.100308095	0.889161533
77	0.16	8.45	4	1	1	0.119744949	0.908443542
78	0.28	15.96	3	1	1	0.087627963	0.928335236
79	0.08	11.22	2	1	1	0.202750827	0.871475674
80	0.03	14.2	1	1	1	0.406101711	0.734181181
81	0.45	5.76	5	1	1	0.148328683	0.865199292
82	0.14	16.32	4	1	1	0.217153065	0.85838376
83	0.22	8.01	3	1	1	0.160921404	0.893402865
84	0.12	30.08	2	1	1	0.247224361	0.845802007
85	0.07	12.15	1	1	1	0.395938409	0.720955342
86	0.27	13.04	5	1	1	0.210714778	0.821371432
87	0.08	26.72	4	1	1	0.37830452	0.744230903
88	0.38	13.07	3	1	1	0.139978432	0.899892793
89	0.14	1.47	2	1	1	0.301734011	0.818667523
90	0.13	18.1	1	1	1	0.323534389	0.785879557
91	0.11	5.57	5	1	1	0.348409316	0.753948835
92	0.14	11.2	4	1	1	0.261772255	0.790003471
93	0.2	16.06	3	1	1	0.191922115	0.861476315
94	0.48	20.15	2	1	1	0.121184708	0.902099066
95	0.07	20.4	1	1	1	0.426574792	0.7174276
96	0.489583333	5.19	5	1	1	0.15913472	0.865917151
97	0.0625	18.45	4	1	1	0.396473802	0.745972458
99	0.0625	20.52	2	1	1	0.388155964	0.742549067
100	0.385416667	24.45	1	1	1	0.128689964	0.886391131
101	0.59	8.67	5	1	1	0.095672324	0.895569035
102	0.22	18.5	4	1	1	0.113073896	0.915884337
103	0.08	28.93	3	1	1	0.241974419	0.854482463
104	0.04	42.69	2	1	1	0.373822074	0.763352881
105	0.07	15.33	1	1	1	0.267216651	0.839300307
106	0.35	7.82	5	1	1	0.12706861	0.879006346
107	0.36	11.21	4	1	1	0.103373578	0.902325431
108	0.04	16.98	3	1	1	0.371963867	0.753793373
109	0.2	10.7	2	1	1	0.121371817	0.907931356
110	0.05	17.31	1	1	1	0.329966158	0.781789208
111	0.33	5.2	5	1	1	0.128339757	0.876639685
112	0.34	9.29	4	1	1	0.106329441	0.895160068
113	0.1	15.58	3	1	1	0.183696798	0.880735732
114	0.12	4.03	2	1	1	0.16958758	0.891547561
115	0.11	13.43	1	1	1	0.19271543	0.877014535
116	0.15	4	5	1	1	0.136431923	0.880250756
117	0.52	9.24	4	1	1	0.0887158	0.905359313
118	0.02	3.66	3	1	1	0.441202068	0.700631036
119	0.22	13.01	2	1	1	0.093024612	0.923607957
120	0.09	6.89	1	1	1	0.166806739	0.89918574
121	0.37	11.01	5	1	1	0.086945149	0.905491132
122	0.46	5.04	4	1	1	0.07049528	0.927001197
123	0.04	14.14	3	1	1	0.269356853	0.835751084
124	0.06	2.91	2	1	1	0.199002712	0.869934585
125	0.07	10.76	1	1	1	0.176022297	0.89312926
126	0.05	10.3	5	1	1	0.210343987	0.856994785
127	0.56	9.53	4	1	1	0.089665019	0.902282864
128	0.16	7.15	3	1	1	0.105302532	0.919883804
129	0.04	3.07	2	1	1	0.287904044	0.816995387
130	0.19	7.28	1	1	1	0.100087167	0.921856381
131	0.39	16.96	5	1	1	0.158222988	0.853400376
132	0.16	35.99	4	1	1	0.181260868	0.879998942
133	0.04	4.26	3	1	1	0.487606737	0.654392753
134	0.12	35.07	2	1	1	0.246026406	0.85165026
135	0.29	6.83	1	1	1	0.140636889	0.904295734
136	0.37	5.21	5	1	1	0.201134436	0.848048167
137	0.24	23.58	4	1	1	0.21011508	0.851671413
138	0.22	34.12	3	1	1	0.210544785	0.87171656
139	0.08	22.48	2	1	1	0.426409275	0.723586953
140	0.09	31.86	1	1	1	0.405986018	0.737623992
141	0.113402062	6.4	4	1	1	0.130515351	0.897272996
142	0.18556701	0.5	3	1	1	0.109964722	0.917011248
143	0.350515464	6.67	2	1	1	0.085559285	0.914478417
144	0.350515464	14.67	1	1	1	0.077678853	0.930340901
146	0.57	3.64	5	1	1	0.340570632	0.784280864
147	0.16	27.92	4	1	1	0.079222595	0.914099963
148	0.04	70.24	3	1	1	0.110630137	0.917232137
149	0.06	28.47	2	1	1	0.338634417	0.774355459
150	0.17	0.5	1	1	1	0.093712955	0.943145082
151	0.33	8.6	5	1	1	0.130052603	0.878139708
152	0.16	14.29	4	1	1	0.138555034	0.882685617
153	0.04	33.35	3	1	1	0.348594887	0.780105432
154	0.44	13.65	2	1	1	0.096197953	0.910899804
155	0.03	23.73	1	1	1	0.452135768	0.697215572
156	0.17	14.88	5	1	1	0.151538381	0.863098337
157	0.3	22.37	4	1	1	0.103661295	0.907004701
158	0.04	43.55	3	1	1	0.361002634	0.773430411
159	0.08	24.96	2	1	1	0.219157702	0.872669977
160	0.41	12.25	1	1	1	0.086656379	0.919525505
161	0.05	32.52	5	1	1	0.551855521	0.559538357
162	0.1	5.86	4	1	1	0.371368245	0.75078961
163	0.34	0.37	3	1	1	0.171330811	0.842136362
164	0.3	14.95	2	1	1	0.153983072	0.877701777
165	0.21	18.99	1	1	1	0.183879017	0.887609718
166	0.19	5.03	5	1	1	0.152843933	0.876224471
167	0.1	17.89	4	1	1	0.187193765	0.858059143
168	0.04	8.74	3	1	1	0.334113617	0.777576453
169	0.12	23.58	2	1	1	0.163951364	0.8918024
170	0.55	6.75	1	1	1	0.092390693	0.922713832
171	0.47	15.02	5	1	1	0.162685964	0.858302792
172	0.12	0.61	4	1	1	0.275750758	0.829594591
173	0.22	24.25	3	1	1	0.184957851	0.879762273
174	0.16	15.43	2	1	1	0.239426242	0.864775668
175	0.03	49.79	1	1	1	0.628176277	0.536842191
176	0.13	5.7	5	1	1	0.270245888	0.799786727
177	0.2	13.73	4	1	1	0.190412279	0.842702943
178	0.56	20.48	3	1	1	0.109417647	0.896006964
179	0.06	30.25	2	1	1	0.423136504	0.727503335
180	0.05	6.98	1	1	1	0.46906695	0.683021286
181	0.17	10.65	5	1	1	0.211057828	0.835500805
182	0.04	21.92	4	1	1	0.434175751	0.670282833
183	0.12	7.56	3	1	1	0.208764052	0.85342778
184	0.46	13.49	2	1	1	0.10873043	0.892697547
185	0.21	6.16	1	1	1	0.152177366	0.896523071
186	0.53	13.16	5	1	1	0.105597069	0.896491894
187	0.24	8.29	4	1	1	0.108082303	0.917304791
188	0.08	12.95	3	1	1	0.220791237	0.868652062
189	0.12	5.2	2	1	1	0.161898299	0.899473633
190	0.03	11.41	1	1	1	0.441741561	0.70208256
191	0.49	5.74	5	1	1	0.142328577	0.87543994
192	0.26	29.68	4	1	1	0.113816783	0.880730806
193	0.08	10.78	3	1	1	0.208559019	0.874136611
194	0.16	34.76	2	1	1	0.13101808	0.895855054
195	0.01	70.55	1	1	1	0.687401195	0.46841231
196	0.15	8.54	5	1	1	0.233888409	0.825985979
197	0.28	18.79	4	1	1	0.151748086	0.633558465
198	0.04	30.24	3	1	1	0.470235256	0.67958937
199	0.1	15.48	2	1	1	0.263735691	0.837906069
200	0.43	26.04	1	1	1	0.11160405	0.908939335
201	0.41	25.94	5	1	1	0.100666013	0.90190914
202	0.04	62.74	4	1	1	0.368359477	0.76418557
203	0.12	34.79	3	1	1	0.170062633	0.894972286
204	0.16	21.79	2	1	1	0.138629279	0.919810576
205	0.27	9.87	1	1	1	0.10207609	0.933522568
206	0.09	12.12	5	1	1	0.209155474	0.860229877
207	0.28	22.01	4	1	1	0.112672219	0.896174041
208	0.1	28.74	3	1	1	0.188984668	0.883194852
209	0.4	33.47	2	1	1	0.086809465	0.921439931
210	0.13	33.25	1	1	1	0.176381254	0.895577014
211	0.27	7.34	5	1	1	0.197082088	0.842042514
212	0.28	16.88	4	1	1	0.15973698	0.866186138
213	0.26	30.67	3	1	1	0.154943706	0.894078973
214	0.14	69.23	2	1	1	0.28036636	0.822585889
215	0.05	28.72	1	1	1	0.547497031	0.619713268
216	0.15	22.78	5	1	1	0.265220008	0.811132267
217	0.12	36.46	4	1	1	0.26355545	0.804091348
218	0.14	47.97	3	1	1	0.231903417	0.861369222
219	0.2	33.65	2	1	1	0.194307749	0.885885654
220	0.39	21.38	1	1	1	0.127668497	0.912231787
221	0.21	10.53	5	1	1	0.219636996	0.832457106
222	0.16	21.04	4	1	1	0.216657017	0.851854244
223	0.02	14.44	3	1	1	0.677912662	0.478148718
224	0.24	20.12	2	1	1	0.160694486	0.889639561
225	0.37	26.17	1	1	1	0.130532127	0.900581347
226	0.07	14.12	5	1	1	0.240132281	0.852811001
227	0.34	29.56	4	1	1	0.099115702	0.905784091
228	0.2	20.24	3	1	1	0.1176454	0.916667613
229	0.18	15.26	2	1	1	0.130874197	0.913755489
230	0.21	10.41	1	1	1	0.118442885	0.920972478
231	0.05	3.77	5	1	1	0.340057394	0.771299968
232	0.46	15.03	4	1	1	0.104529896	0.886247271
233	0.26	20.96	3	1	1	0.110451141	0.913895741
234	0.2	25.07	2	1	1	0.124761195	0.91537428
235	0.03	24.68	1	1	1	0.484581634	0.664495012
236	0.11	7.73	5	1	1	0.180654655	0.8714569
237	0.52	17.18	4	1	1	0.098532065	0.892605874
238	0.1	23.04	3	1	1	0.193089915	0.885105336
239	0.04	9.06	2	1	1	0.375027636	0.762334617
240	0.23	27.97	1	1	1	0.110190202	0.919018552
241	0.37	6.53	5	1	1	0.118074196	0.888627703
242	0.18	14.75	4	1	1	0.137384058	0.892610807
243	0.3	27.23	3	1	1	0.105095332	0.912470766
244	0.14	35.65	2	1	1	0.170876817	0.904192351
245	0.01	62.17	1	1	1	0.751575112	0.387047788
246	0.41	5.21	5	1	1	0.167108303	0.857927933
247	0.32	18.48	4	1	1	0.152673263	0.865417694
248	0.04	36.02	3	1	1	0.537469598	0.631700937
249	0.2	28.97	2	1	1	0.200678739	0.886491923
250	0.03	11.85	1	1	1	0.648452124	0.533062558
251	0.35	25.9	5	1	1	0.107737341	0.895880002
252	0.2	34.01	4	1	1	0.115528478	0.918866295
253	0.02	9.46	3	1	1	0.561119963	0.590827144
254	0.16	25.96	2	1	1	0.142471235	0.911971892
255	0.27	12.94	1	1	1	0.102262969	0.927226528
256	0.45	23.83	5	1	1	0.088840277	0.899682735
257	0.1	18.88	4	1	1	0.145150798	0.905352471
258	0.04	30.32	3	1	1	0.298744354	0.805131911
259	0.28	14.87	2	1	1	0.085766376	0.92988029
260	0.13	5.83	1	1	1	0.132642327	0.914404205
261	0.57	8.13	5	1	1	0.154475498	0.871059417
262	0.24	23.47	4	1	1	0.189693048	0.88501403
263	0.04	49.48	3	1	1	0.595729531	0.565980693
264	0.12	25.82	2	1	1	0.332427799	0.792979495
265	0.03	55.97	1	1	1	0.670399289	0.476236946
266	0.43	18.38	5	1	1	0.085864701	0.915881381
267	0.18	12.77	4	1	1	0.104916432	0.916087385
268	0.26	29.22	3	1	1	0.085902728	0.931075067
269	0.04	5.89	2	1	1	0.314626758	0.793914408
270	0.09	23.36	1	1	1	0.171384744	0.892138393
271	0.43	5.08	5	1	1	0.183223449	0.859207516
272	0.26	23.83	4	1	1	0.15239742	0.780304433
273	0.18	40.79	3	1	1	0.188176746	0.883412222
274	0.1	31.11	2	1	1	0.331958359	0.79815689
275	0.03	48.66	1	1	1	0.627285839	0.541929636
276	0.17	18.91	5	1	1	0.253097188	0.816786134
277	0.06	28.82	4	1	1	0.408493808	0.702631243
278	0.04	37.77	3	1	1	0.513353097	0.648410007
279	0.44	22.7	2	1	1	0.121946988	0.899712106
280	0.29	14.31	1	1	1	0.160937991	0.902764848
281	0.151515152	11.57	4	1	1	0.258961983	0.782920801
282	0.484848485	29.28	3	1	1	0.131985644	0.55361553
283	0.04040404	49.18	2	1	1	0.526845086	0.624441321
284	0.323232323	28.51	1	1	1	0.137443651	0.9063552
286	0.13	7.97	5	1	1	0.840810075	0.264872638
287	0.44	19.79	4	1	1	0.320742357	0.769155084
288	0.18	16.56	3	1	1	0.141031663	0.859196806
289	0.12	29.12	2	1	1	0.223008494	0.867736767
290	0.13	19.4	1	1	1	0.311895314	0.807321839
291	0.197916667	21.4	5	1	1	0.123654728	0.88538999
293	0.375	28.84	3	1	1	0.080986917	0.913991316
294	0.041666667	52.36	2	1	1	0.29926778	0.806180166
295	0.385416667	14.66	1	1	1	0.073351692	0.937860743
296	0.13	13.81	5	1	1	0.140494255	0.874595151
297	0.34	31.79	4	1	1	0.085168613	0.910325718
298	0.42	34.49	3	1	1	0.074764196	0.938323317
299	0.08	43.23	2	1	1	0.209096353	0.873503431
300	0.03	0.42	1	1	1	0.410216959	0.725847865
301	0.11	16.33	5	1	1	0.178308691	0.869689118
302	0.3	25.45	4	1	1	0.104562637	0.908239827
303	0.06	10.35	3	1	1	0.281656621	0.826071873
304	0.24	21.58	2	1	1	0.108885476	0.916987503
305	0.29	9.65	1	1	1	0.100308614	0.91978068
306	0.51	18.44	5	1	1	0.089318081	0.906985359
307	0.04	35.16	4	1	1	0.288444148	0.819056621
308	0.02	2.36	3	1	1	0.453620367	0.685293513
309	0.24	32.74	2	1	1	0.084779407	0.928147908
310	0.19	14.21	1	1	1	0.105369044	0.922320213
311	0.19	13.17	5	1	1	0.224803233	0.839458918
312	0.18	20.31	4	1	1	0.198994188	0.857454306
313	0.48	26.26	3	1	1	0.116594331	0.906450236
314	0.06	13.52	2	1	1	0.480169401	0.671276748
315	0.09	33.41	1	1	1	0.385000904	0.75078794
316	0.07	11.27	5	1	1	0.384744679	0.69190489
317	0.52	28.68	4	1	1	0.124912384	0.85671407
318	0.06	22.5	3	1	1	0.411260954	0.751546299
319	0.14	8.13	2	1	1	0.232792241	0.869897842
320	0.21	21.91	1	1	1	0.164551685	0.890739091
321	0.17	9.47	5	1	1	0.131625922	0.889695815
322	0.22	22.69	4	1	1	0.10440191	0.91192559
323	0.32	29.61	3	1	1	0.087987576	0.922493239
324	0.26	37.95	2	1	1	0.092624202	0.930687421
325	0.03	4.92	1	1	1	0.419845096	0.722102232
326	0.09	3.04	5	1	1	0.176766683	0.859270796
327	0.34	10.06	4	1	1	0.104645914	0.890549323
328	0.3	22.37	3	1	1	0.089683981	0.916555542
329	0.14	34.68	2	1	1	0.11716294	0.922621736
330	0.13	38.77	1	1	1	0.130678819	0.911644695
331	0.33	15.23	5	1	1	0.123493963	0.883773597
332	0.08	25.82	4	1	1	0.214347218	0.868503114
333	0.06	14.56	3	1	1	0.270745934	0.833566156
334	0.5	25.27	2	1	1	0.084062466	0.919963333
335	0.03	35.51	1	1	1	0.487042089	0.654398386
336	0.17	19.07	5	1	1	0.24859768	0.832898172
337	0.4	30.73	4	1	1	0.132160161	0.618672399
338	0.06	8.07	3	1	1	0.43083829	0.708394762
339	0.3	28.39	2	1	1	0.141892812	0.907189186
340	0.07	0.19	1	1	1	0.409874178	0.731755253
341	0.85	0.12	5	1	1	0.167132703	0.908837361
342	0.02	28.06	4	1	1	0.385092541	0.742032805
343	0.02	32.32	3	1	1	0.376763331	0.748357562
344	0.04	20.06	2	1	1	0.233119458	0.856174842
345	0.07	12.29	1	1	1	0.155616695	0.905825717
346	0.17	10.72	5	1	1	0.192727708	0.863590633
347	0.52	2.09	4	1	1	0.098138068	0.906806214
348	0.14	23.69	3	1	1	0.183936754	0.886717424
349	0.16	30.74	2	1	1	0.168833751	0.894289075
350	0.01	4.79	1	1	1	0.765263346	0.355711021
351	0.15	8.34	5	1	1	0.143667685	0.89491871
352	0.28	5.71	4	1	1	0.115475804	0.901597161
353	0.28	14.5	3	1	1	0.110223539	0.901175904
354	0.22	22.85	2	1	1	0.12229407	0.913443084
355	0.07	39.17	1	1	1	0.301883616	0.815858952
356	0.23	3.89	5	1	1	0.202477576	0.840880389
357	0.4	10.28	4	1	1	0.131843431	0.887977811
358	0.24	24.81	3	1	1	0.169826142	0.896401653
359	0.12	39.92	2	1	1	0.314575837	0.805557041
360	0.01	107.05	1	1	1	0.851393975	0.242860195
361	0.31	3.6	5	1	1	0.110160358	0.876134149
362	0.26	7.45	4	1	1	0.098564239	0.908411923
363	0.18	16.08	3	1	1	0.103935185	0.921844276
364	0.08	28.24	2	1	1	0.171166247	0.89945466
365	0.17	31.75	1	1	1	0.108580161	0.922140782
366	0.49	23.1	5	1	1	0.099791972	0.901590385
367	0.24	18.41	4	1	1	0.114771457	0.92186485
368	0.12	6.21	3	1	1	0.194219415	0.883579785
369	0.08	22.72	2	1	1	0.265368349	0.835899906
370	0.07	11.57	1	1	1	0.294396053	0.813263207
371	0.23	16.01	5	1	1	0.137323391	0.879350744
372	0.18	21.82	4	1	1	0.130535202	0.909332295
373	0.16	25.69	3	1	1	0.147594017	0.908427379
374	0.08	18.44	2	1	1	0.265321465	0.840721271
375	0.35	28.73	1	1	1	0.094631318	0.927436192
376	0.25	11.51	5	1	1	0.102887439	0.907777033
377	0.34	23.94	4	1	1	0.080436047	0.929241072
378	0.16	19.49	3	1	1	0.109429597	0.929670644
379	0.04	34.62	2	1	1	0.315211049	0.804859587
380	0.21	22.52	1	1	1	0.092451783	0.93462068
381	0.23	19.61	5	1	1	0.18176932	0.858109086
382	0.1	24.88	4	1	1	0.267014544	0.826895703
383	0.04	7.87	3	1	1	0.483036804	0.662058743
384	0.24	20.9	2	1	1	0.150728496	0.891402642
385	0.39	14.5	1	1	1	0.114979443	0.916617813
386	0.11	15.75	5	1	1	0.141317307	0.915861007
387	0.32	32.66	4	1	1	0.077271974	0.938910109
388	0.2	24.68	3	1	1	0.10146178	0.933688363
389	0.24	16.77	2	1	1	0.101660399	0.931406243
390	0.13	8.27	1	1	1	0.144566605	0.912972865
391	0.23	12.12	5	1	1	0.100493272	0.907179623
392	0.18	33.39	4	1	1	0.098712203	0.922895388
393	0.04	42.14	3	1	1	0.301910923	0.810457046
394	0.44	21.67	2	1	1	0.071452581	0.937920029
395	0.11	1.9	1	1	1	0.136791625	0.92124068
396	0.11	10.39	5	1	1	0.295747641	0.783948167
397	0.14	17.73	4	1	1	0.229029736	0.831206984
398	0.12	22.37	3	1	1	0.23610439	0.85215115
399	0.1	30.58	2	1	1	0.271036191	0.83276648
400	0.53	34.9	1	1	1	0.107790249	0.912650919
401	0.07	15.2	5	1	1	0.436881655	0.67600017
402	0.18	25.25	4	1	1	0.207342719	0.826812677
403	0.04	20.23	3	1	1	0.483568409	0.652238654
404	0.16	25.74	2	1	1	0.193590534	0.873821313
405	0.55	16.29	1	1	1	0.103472283	0.919216316
406	0.33	27.36	5	1	1	0.112197094	0.883183796
407	0.14	23.85	4	1	1	0.150348925	0.904125326
408	0.2	16.01	3	1	1	0.120241691	0.917123253
409	0.04	26.39	2	1	1	0.396642715	0.741882775
410	0.29	13.83	1	1	1	0.101660657	0.921193702
411	0.61	24.17	5	1	1	0.100082649	0.882019406
412	0.04	58.44	4	1	1	0.382804115	0.742120837
413	0.06	14.74	3	1	1	0.294132214	0.821767383
414	0.06	34.87	2	1	1	0.298293567	0.813157965
415	0.23	12.63	1	1	1	0.11095027	0.924407787
416	0.25	23.47	5	1	1	0.191113477	0.848124943
417	0.14	57.27	4	1	1	0.232301381	0.848570981
418	0.3	33.17	3	1	1	0.146495645	0.898639884
419	0.08	2.27	2	1	1	0.38852533	0.764988345
420	0.23	24.65	1	1	1	0.18324494	0.889986565
421	0.09	24.08	5	1	1	0.165762723	0.879143617
422	0.36	38.19	4	1	1	0.083503467	0.919863685
423	0.24	25.75	3	1	1	0.090514674	0.928662155
424	0.24	20.55	2	1	1	0.091362542	0.93542386
425	0.07	7.48	1	1	1	0.247614024	0.844244994
426	0.31	1.94	5	1	1	0.112920147	0.892556283
427	0.18	10.71	4	1	1	0.114856879	0.905616272
428	0.28	17.48	3	1	1	0.093775303	0.92096226
429	0.2	34.04	2	1	1	0.10981647	0.918637591
430	0.03	9.81	1	1	1	0.432668295	0.714994088
431	0.27	5.74	5	1	1	0.14869411	0.867047973
432	0.1	20.85	4	1	1	0.183106944	0.870466692
433	0.28	0.61	3	1	1	0.116982608	0.902159118
434	0.24	20.91	2	1	1	0.121608232	0.894333136
435	0.11	24.74	1	1	1	0.218974541	0.866861769
436	0.09	10.89	5	1	1	0.165836057	0.891650676
437	0.24	25.95	4	1	1	0.089873323	0.92814551
438	0.26	38.32	3	1	1	0.090144414	0.935441128
439	0.16	13.94	2	1	1	0.114637111	0.927733888
440	0.25	23.46	1	1	1	0.08972565	0.939724315
441	0.45	1.75	5	1	1	0.106022099	0.898437456
442	0.06	11.21	4	1	1	0.183021044	0.885883397
443	0.04	16.11	3	1	1	0.267282946	0.839785729
444	0.28	9.23	2	1	1	0.089139517	0.930279231
445	0.17	13.87	1	1	1	0.107136567	0.922204336
446	0.13	20.45	5	1	1	0.12817725	0.905027974
447	0.04	64.72	4	1	1	0.278713033	0.829508149
448	0.08	9.76	3	1	1	0.170204925	0.897440795
449	0.44	29.37	2	1	1	0.071992571	0.935548992
450	0.31	13.61	1	1	1	0.086651873	0.932636558
451	0.07	11.73	5	1	1	0.288119482	0.786522694
452	0.26	3.04	4	1	1	0.121602478	0.911933064
453	0.52	24.28	3	1	1	0.098377261	0.898550909
454	0.12	42.47	2	1	1	0.20071198	0.890896396
455	0.03	18.88	1	1	1	0.498509787	0.642924665
456	0.63	7.72	5	1	1	0.110527249	0.87016231
457	0.06	25	4	1	1	0.277726585	0.8063268
458	0.1	10.77	3	1	1	0.189050166	0.880458428
459	0.18	26.17	2	1	1	0.11283589	0.918979064
460	0.03	47.65	1	1	1	0.425034299	0.717111422
461	0.17	12.31	5	1	1	0.136400876	0.895366582
462	0.06	2.82	4	1	1	0.248423314	0.851541168
463	0.32	16.59	3	1	1	0.103394524	0.913218986
464	0.12	29.05	2	1	1	0.158295506	0.898537058
465	0.33	40.29	1	1	1	0.089422473	0.932241324
466	0.13	5.35	5	1	1	0.175595631	0.868140241
467	0.14	14.33	4	1	1	0.147790066	0.868152168
468	0.22	2.35	3	1	1	0.123780339	0.893163567
469	0.34	9.32	2	1	1	0.115160894	0.88807875
470	0.17	17.22	1	1	1	0.141068645	0.905321607
471	0.19	12.56	5	1	1	0.129974492	0.902707748
472	0.22	5.48	4	1	1	0.14031508	0.903009129
473	0.12	19.79	3	1	1	0.183957507	0.881935331
474	0.38	7.71	2	1	1	0.10415073	0.879358719
475	0.09	45.96	1	1	1	0.213323079	0.872933491
476	0.11	2.98	5	1	1	0.23124719	0.860406503
477	0.14	13.24	4	1	1	0.201235538	0.856971925
478	0.06	0.31	3	1	1	0.293733512	0.801473903
479	0.54	16.49	2	1	1	0.096478179	0.908462812
480	0.15	29.45	1	1	1	0.183287626	0.888496227
481	0.27	8.92	5	1	1	0.170323671	0.878385171
482	0.04	31.36	4	1	1	0.422305215	0.714007858
483	0.08	6.74	3	1	1	0.252248581	0.837357889
484	0.58	21.21	2	1	1	0.103638992	0.899058427
485	0.03	38.08	1	1	1	0.561008059	0.65617697
486	0.09	9.74	5	1	1	0.447755589	0.703489595
487	0.08	34.17	4	1	1	0.438048574	0.713434989
488	0.2	15.02	3	1	1	0.218873645	0.832457585
489	0.26	5.17	2	1	1	0.166536009	0.87711037
490	0.37	24.16	1	1	1	0.138711254	0.901858157
491	0.13	2.76	5	1	1	0.12287989	0.892914592
492	0.04	21.98	4	1	1	0.233008033	0.857756439
493	0.16	4.72	3	1	1	0.10651263	0.916924064
494	0.62	21.65	2	1	1	0.073113671	0.921549094
495	0.05	5.64	1	1	1	0.320418677	0.771988072
496	0.11	8.99	5	1	1	0.138326381	0.884004633
497	0.32	15.81	4	1	1	0.085630947	0.914640446
498	0.24	3.63	3	1	1	0.085932536	0.92650369
499	0.28	12.29	2	1	1	0.07958648	0.929778093
500	0.05	1.69	1	1	1	0.249559615	0.843720418
501	0.09	2.71	5	1	1	0.146646242	0.870623552
502	0.1	7.03	4	1	1	0.125235229	0.591735591
503	0.04	7.83	3	1	1	0.19375747	0.880513224
504	0.1	1.64	2	1	1	0.116275682	0.907947439
505	0.67	5.79	1	1	1	0.07160474	0.921970758
506	0.05	6.04	5	1	1	0.19446712	0.873617076
507	0.28	16.7	4	1	1	0.097986603	0.896103052
508	0.22	22.53	3	1	1	0.091753245	0.919753993
509	0.18	16.43	2	1	1	0.097408368	0.922047945
510	0.27	8.6	1	1	1	0.082944961	0.933097973
511	0.43	1.47	5	1	1	0.130463211	0.885323958
512	0.24	11.35	4	1	1	0.136606208	0.872481515
513	0.18	18.8	3	1	1	0.135863049	0.894900166
514	0.1	27.33	2	1	1	0.196058644	0.872884744
515	0.05	35.53	1	1	1	0.350111795	0.780211808
516	0.739583333	6.84	5	1	1	0.124338946	0.877863075
517	0.125	36.13	4	1	1	0.194463373	0.864790466
519	0.104166667	35.07	2	1	1	0.21219093	0.877373702
520	0.03125	75.64	1	1	1	0.476779343	0.684990488
521	0.71	12.99	5	1	1	0.131683807	0.867838874
522	0.04	32.49	4	1	1	0.474990819	0.655210666
523	0.06	12	3	1	1	0.380058009	0.767331369
524	0.04	36.7	2	1	1	0.478685667	0.729480652
525	0.15	18.68	1	1	1	0.195450423	0.86854324
526	0.47	13.93	5	1	1	0.15032003	0.869303996
527	0.1	1.18	4	1	1	0.303619703	0.856081399
528	0.26	11.32	3	1	1	0.155451284	0.896445389
529	0.08	30.91	2	1	1	0.381164319	0.753673243
530	0.09	15.72	1	1	1	0.359740955	0.780692816
531	0.35	2.06	5	1	1	0.227307214	0.861107532
532	0.18	16.92	4	1	1	0.311649736	0.682336302
533	0.1	40.02	3	1	1	0.38461296	0.761963487
534	0.16	15.77	2	1	1	0.287789515	0.781410947
535	0.21	30.1	1	1	1	0.234642637	0.863972208
536	0.05	2.67	5	1	1	0.226346909	0.828278107
537	0.12	17.2	4	1	1	0.126180388	0.876078859
538	0.36	7.22	3	1	1	0.08756415	0.939265246
539	0.04	15.48	2	1	1	0.215007058	0.883383143
540	0.43	6.95	1	1	1	0.070209953	0.943444191
541	0.27	9.45	5	1	1	0.113364423	0.888189822
542	0.06	42.03	4	1	1	0.163587777	0.889911474
543	0.34	9.24	3	1	1	0.070913372	0.942624658
544	0.04	49.1	2	1	1	0.25657782	0.884160826
545	0.29	21.86	1	1	1	0.077030006	0.924455759
546	0.43	6.29	5	1	1	0.144373643	0.866939424
547	0.08	20.81	4	1	1	0.235230064	0.82835598
548	0.38	7.79	3	1	1	0.111620359	0.91036564
549	0.08	34.24	2	1	1	0.270274273	0.870462261
550	0.03	40.97	1	1	1	0.486779663	0.742228662
551	0.57	4.49	5	1	1	0.105270603	0.876237997
552	0.1	11.59	4	1	1	0.210713156	0.866155291
553	0.12	13.62	3	1	1	0.151431573	0.902085461
554	0.2	18.01	2	1	1	0.109109278	0.920048008
555	0.01	27.64	1	1	1	0.69147609	0.453503769
556	0.030612245	17.18	5	1	1	0.24080161	0.853643238
558	0.285714286	0.5	3	1	1	0.101165653	0.891264509
559	0.612244898	5.62	2	1	1	0.076844447	0.91825299
560	0.071428571	11.48	1	1	1	0.193348132	0.895499248
